Recursion step 0:
Partitions:
0; 1; 
2; 279; 
3; 276; 
4; 5; 
6; 7; 
8; 9; 
10; 11; 
12; 13; 14; 
15; 271; 270; 
16; 17; 
18; 132; 131; 130; 19; 
20; 127; 128; 129; 
21; 24; 
22; 23; 
25; 26; 
27; 28; 
29; 124; 
30; 31; 
32; 33; 
34; 38; 
35; 37; 36; 
39; 40; 
41; 42; 
43; 58; 57; 56; 
44; 55; 
45; 46; 53; 54; 
47; 52; 
48; 49; 
50; 51; 
59; 60; 
61; 117; 
62; 63; 
64; 65; 
66; 69; 
67; 68; 
70; 71; 
72; 73; 
74; 75; 
76; 77; 
78; 80; 79; 
81; 82; 
83; 84; 
85; 115; 
86; 112; 
87; 111; 
88; 89; 108; 
90; 91; 
92; 93; 
94; 95; 
96; 97; 
98; 99; 100; 
101; 102; 
103; 104; 
105; 106; 
107; 109; 
110; 113; 
114; 116; 
118; 119; 
120; 121; 
122; 123; 
125; 126; 
133; 269; 
134; 268; 
135; 267; 266; 136; 
137; 265; 
138; 139; 
140; 147; 
141; 142; 145; 146; 
143; 199; 198; 144; 
148; 149; 
150; 151; 
152; 155; 
153; 154; 
156; 157; 
158; 159; 
160; 174; 
161; 162; 
163; 164; 
165; 167; 166; 
168; 169; 
170; 171; 
172; 173; 
175; 180; 
176; 177; 
178; 179; 
181; 182; 
183; 184; 
185; 186; 
187; 188; 
189; 190; 
191; 192; 
193; 194; 
195; 196; 
197; 200; 
201; 202; 
203; 204; 
205; 206; 209; 208; 251; 254; 253; 252; 207; 
210; 211; 212; 215; 216; 217; 214; 213; 
218; 221; 220; 219; 
222; 223; 
224; 225; 
226; 227; 
228; 229; 
230; 245; 
231; 236; 
232; 235; 
233; 234; 
237; 238; 
239; 244; 246; 243; 242; 241; 240; 
247; 248; 
249; 250; 
255; 256; 
257; 258; 
259; 260; 
261; 262; 
263; 264; 
272; 273; 
274; 275; 
277; 278; 
Recursion step 1:
Partitions:
0; 1; 
2; 118; 
3; 117; 
4; 5; 
6; 7; 
8; 116; 
9; 10; 
11; 60; 
12; 13; 
14; 15; 
16; 59; 
17; 18; 
19; 20; 
21; 22; 
23; 24; 
25; 26; 
27; 28; 
29; 30; 
31; 32; 
33; 34; 
35; 36; 
37; 38; 
39; 40; 
41; 43; 
42; 56; 
44; 55; 
45; 46; 
47; 48; 49; 
50; 51; 
52; 54; 
53; 81; 
57; 58; 
61; 62; 
63; 64; 
65; 66; 69; 
67; 68; 
70; 83; 
71; 72; 
73; 74; 
75; 76; 
77; 78; 
79; 80; 
82; 85; 84; 
86; 87; 
88; 89; 
90; 91; 
92; 93; 
94; 95; 
96; 111; 
97; 98; 
99; 100; 
101; 102; 
103; 108; 
104; 107; 
105; 106; 
109; 110; 
112; 113; 
114; 115; 
Recursion step 2:
Partitions:
0; 1; 
2; 5; 
3; 4; 
6; 7; 
8; 9; 
10; 11; 
12; 13; 
14; 19; 
15; 16; 
17; 18; 
20; 21; 
22; 25; 24; 23; 
26; 27; 
28; 41; 
29; 30; 
31; 38; 
32; 33; 
34; 35; 
36; 37; 
39; 40; 
42; 43; 
44; 45; 
46; 47; 
48; 49; 
50; 51; 
52; 55; 
53; 54; 
56; 57; 
Recursion step 3:
Partitions:
0; 1; 
2; 4; 
3; 5; 
6; 9; 
7; 8; 
10; 12; 11; 
13; 14; 
15; 19; 
16; 17; 
18; 20; 
21; 22; 
23; 27; 
24; 25; 26; 
Recursion step 4:
Partitions:
0; 1; 
2; 7; 
3; 4; 
5; 6; 
8; 9; 10; 
11; 12; 
Recursion step 5:
Partitions:
0; 1; 
2; 3; 
4; 5; 
Recursion step 6:
