Recursion step 0:
Partitions:
0; 496; 
1; 461; 
2; 252; 
3; 7; 
4; 172; 
5; 170; 
6; 308; 
8; 194; 
9; 203; 
10; 235; 45; 
11; 378; 
12; 401; 
13; 319; 130; 
14; 207; 463; 514; 484; 
15; 17; 
16; 263; 
18; 338; 
19; 509; 
20; 367; 
21; 347; 
22; 58; 
23; 481; 
24; 171; 166; 
25; 180; 
26; 175; 
27; 418; 
28; 397; 
29; 396; 
30; 101; 
31; 458; 
32; 51; 
33; 487; 228; 
34; 291; 
35; 216; 
36; 499; 
37; 298; 136; 
38; 303; 
39; 408; 
40; 158; 
41; 477; 
42; 381; 
43; 133; 
44; 91; 
46; 206; 
47; 516; 
48; 85; 
49; 469; 
50; 453; 
52; 434; 
53; 497; 476; 465; 
54; 233; 
55; 131; 
56; 260; 144; 
57; 165; 
59; 345; 
60; 392; 
61; 84; 
62; 519; 
63; 186; 431; 
64; 511; 
65; 332; 
66; 110; 173; 
67; 121; 
68; 450; 150; 
69; 530; 294; 510; 374; 
70; 155; 
71; 168; 243; 
72; 406; 
73; 373; 
74; 357; 
75; 188; 395; 
76; 293; 
77; 427; 
78; 467; 
79; 134; 122; 
80; 399; 
81; 120; 
82; 159; 
83; 245; 
86; 213; 214; 
87; 190; 
88; 211; 
89; 490; 
90; 407; 
92; 318; 
93; 508; 
94; 248; 
95; 179; 
96; 527; 224; 
97; 372; 
98; 111; 
99; 187; 253; 
100; 361; 
102; 218; 
103; 125; 
104; 182; 
105; 421; 297; 
106; 355; 
107; 466; 
108; 254; 
109; 534; 141; 
112; 342; 
113; 128; 
114; 478; 
115; 191; 
116; 364; 
117; 184; 415; 
118; 414; 189; 
119; 385; 
123; 317; 
124; 137; 138; 
126; 464; 
127; 358; 505; 
129; 280; 
132; 404; 
135; 460; 
139; 178; 
140; 302; 366; 
142; 422; 
143; 151; 
145; 531; 
146; 444; 
147; 333; 237; 
148; 380; 
149; 250; 
152; 419; 
153; 174; 
154; 479; 
156; 379; 
157; 249; 
160; 236; 
161; 394; 
162; 325; 
163; 164; 520; 
167; 440; 
169; 292; 
176; 470; 
177; 267; 
181; 275; 
183; 198; 370; 
185; 503; 
192; 412; 
193; 196; 290; 
195; 257; 
197; 513; 
199; 482; 
200; 410; 
201; 383; 
202; 344; 
204; 304; 
205; 351; 
208; 276; 
209; 285; 270; 
210; 423; 312; 
212; 501; 
215; 262; 
217; 439; 
219; 486; 
220; 352; 498; 
221; 443; 438; 
222; 426; 
223; 512; 
225; 387; 
226; 524; 
227; 330; 
229; 456; 
230; 231; 
232; 306; 
234; 356; 
238; 341; 
239; 522; 
240; 348; 
241; 420; 
242; 405; 
244; 488; 
246; 391; 
247; 375; 
251; 442; 
255; 382; 
256; 268; 424; 
258; 376; 368; 
259; 483; 
261; 473; 
264; 265; 
266; 284; 
269; 331; 
271; 279; 
272; 371; 
273; 282; 
274; 313; 
277; 316; 
278; 468; 
281; 474; 471; 
283; 296; 
286; 324; 
287; 350; 
288; 321; 
289; 337; 
295; 402; 
299; 386; 
300; 529; 
301; 315; 
305; 307; 
309; 475; 
310; 437; 
311; 340; 
314; 390; 
320; 343; 
322; 462; 
323; 480; 
326; 504; 
327; 485; 
328; 436; 
329; 362; 
334; 354; 
335; 409; 
336; 491; 
339; 500; 
346; 369; 
349; 441; 
353; 413; 
359; 416; 
360; 495; 
363; 430; 
365; 452; 
377; 435; 
384; 494; 
388; 489; 
389; 502; 
393; 398; 
400; 493; 506; 
403; 455; 
411; 492; 
417; 429; 
425; 507; 
428; 472; 451; 
432; 447; 
433; 523; 
445; 446; 
448; 449; 
454; 528; 
457; 533; 
459; 532; 
515; 525; 
517; 518; 
521; 526; 
Recursion step 1:
Partitions:
0; 206; 
1; 139; 
2; 125; 
3; 184; 
4; 20; 
5; 207; 147; 
6; 153; 
7; 192; 
8; 30; 
9; 118; 
10; 132; 
11; 198; 94; 
12; 69; 
13; 15; 
14; 92; 
16; 175; 
17; 18; 162; 
19; 52; 
21; 28; 
22; 79; 
23; 159; 
24; 166; 
25; 187; 
26; 140; 
27; 240; 
29; 155; 150; 
31; 215; 
32; 129; 167; 
33; 37; 
34; 60; 
35; 99; 
36; 134; 
38; 73; 
39; 58; 
40; 161; 123; 
41; 229; 76; 
42; 231; 
43; 209; 
44; 245; 
45; 57; 
46; 80; 
47; 121; 
48; 127; 
49; 144; 
50; 220; 
51; 142; 72; 195; 95; 
53; 224; 
54; 128; 
55; 96; 
56; 173; 
59; 189; 
61; 193; 143; 
62; 149; 
63; 163; 213; 
64; 223; 
65; 219; 
66; 169; 
67; 228; 
68; 107; 
70; 141; 
71; 109; 
74; 202; 98; 
75; 182; 
77; 152; 
78; 124; 100; 
81; 216; 
82; 116; 
83; 185; 
84; 126; 
85; 86; 
87; 233; 
88; 108; 
89; 112; 
90; 180; 
91; 181; 
93; 174; 
97; 212; 
101; 210; 
102; 226; 
103; 239; 
104; 197; 
105; 165; 
106; 217; 
110; 133; 
111; 242; 
113; 171; 
114; 115; 
117; 205; 
119; 160; 
120; 199; 
122; 194; 
130; 177; 
131; 183; 
135; 148; 
136; 172; 
137; 168; 
138; 235; 
145; 157; 
146; 234; 
151; 200; 
154; 188; 
156; 225; 
158; 218; 
164; 208; 
170; 244; 
176; 236; 
178; 179; 
186; 241; 
190; 227; 
191; 214; 
196; 221; 
201; 222; 
203; 238; 
204; 211; 
230; 232; 
237; 243; 
Recursion step 2:
Partitions:
0; 14; 82; 24; 40; 86; 108; 
1; 12; 
2; 31; 32; 
3; 85; 
4; 88; 
5; 49; 
6; 112; 
7; 11; 
8; 9; 
10; 15; 61; 
13; 16; 
17; 33; 
18; 27; 
19; 80; 
20; 106; 
21; 72; 28; 
22; 67; 
23; 105; 
25; 103; 
26; 70; 
29; 87; 
30; 35; 
34; 95; 
36; 98; 
37; 62; 
38; 104; 39; 
41; 79; 
42; 97; 
43; 69; 
44; 78; 
45; 90; 
46; 66; 51; 
47; 74; 
48; 100; 
50; 65; 
52; 59; 
53; 115; 
54; 96; 
55; 58; 
56; 89; 113; 
57; 91; 
60; 64; 94; 
63; 73; 
68; 84; 
71; 83; 
75; 110; 
76; 107; 
77; 93; 
81; 111; 
92; 109; 
99; 114; 
101; 102; 
Recursion step 3:
Partitions:
0; 26; 50; 49; 13; 16; 46; 31; 37; 10; 27; 
1; 5; 
2; 41; 
3; 32; 
4; 48; 
6; 20; 
7; 38; 
8; 12; 
9; 40; 
11; 15; 
14; 36; 
17; 21; 33; 
18; 28; 
19; 23; 
22; 25; 44; 
24; 47; 
29; 42; 
30; 39; 
34; 35; 43; 
45; 51; 
Recursion step 4:
Partitions:
0; 6; 
1; 16; 
2; 7; 
3; 17; 
4; 10; 
5; 14; 
8; 19; 
9; 12; 
11; 13; 
15; 18; 
Recursion step 5:
Partitions:
0; 7; 
1; 9; 
2; 3; 
4; 6; 
5; 8; 
Recursion step 6:
Partitions:
0; 1; 2; 
3; 4; 
Recursion step 7:
