Recursion step 0:
Partitions:
0; 496; 
1; 461; 
2; 252; 
3; 7; 
4; 172; 
5; 170; 
6; 308; 
8; 194; 
9; 203; 
10; 235; 45; 
11; 378; 
12; 401; 
13; 319; 130; 
14; 207; 463; 514; 484; 
15; 17; 
16; 263; 
18; 338; 
19; 509; 
20; 367; 
21; 347; 
22; 58; 
23; 481; 
24; 171; 166; 
25; 180; 
26; 175; 
27; 418; 
28; 397; 
29; 396; 
30; 101; 
31; 458; 
32; 51; 
33; 487; 228; 
34; 291; 
35; 216; 
36; 499; 
37; 298; 136; 
38; 303; 
39; 408; 
40; 158; 
41; 477; 
42; 381; 
43; 133; 
44; 91; 
46; 206; 
47; 516; 
48; 85; 
49; 469; 
50; 453; 
52; 434; 
53; 497; 476; 465; 
54; 233; 
55; 131; 
56; 260; 144; 
57; 165; 
59; 345; 
60; 392; 
61; 84; 
62; 519; 
63; 186; 431; 
64; 511; 
65; 332; 
66; 110; 173; 
67; 121; 
68; 450; 150; 
69; 530; 294; 510; 374; 
70; 155; 
71; 168; 243; 
72; 406; 
73; 373; 
74; 357; 
75; 188; 395; 
76; 293; 
77; 427; 
78; 467; 
79; 134; 122; 
80; 399; 
81; 120; 
82; 159; 
83; 245; 
86; 213; 214; 
87; 190; 
88; 211; 
89; 490; 
90; 407; 
92; 318; 
93; 508; 
94; 248; 
95; 179; 
96; 527; 224; 
97; 372; 
98; 111; 
99; 187; 253; 
100; 361; 
102; 218; 
103; 125; 
104; 182; 
105; 421; 297; 
106; 355; 
107; 466; 
108; 254; 
109; 534; 141; 
112; 342; 
113; 128; 
114; 478; 
115; 191; 
116; 364; 
117; 184; 415; 
118; 414; 189; 
119; 385; 
123; 317; 
124; 137; 138; 
126; 464; 
127; 358; 505; 
129; 280; 
132; 404; 
135; 460; 
139; 178; 
140; 302; 366; 
142; 422; 
143; 151; 
145; 531; 
146; 444; 
147; 333; 237; 
148; 380; 
149; 250; 
152; 419; 
153; 174; 
154; 479; 
156; 379; 
157; 249; 
160; 236; 
161; 394; 
162; 325; 
163; 164; 520; 
167; 440; 
169; 292; 
176; 470; 
177; 267; 
181; 275; 
183; 198; 370; 
185; 503; 
192; 412; 
193; 196; 290; 
195; 257; 
197; 513; 
199; 482; 
200; 410; 
201; 383; 
202; 344; 
204; 304; 
205; 351; 
208; 276; 
209; 285; 270; 
210; 423; 312; 
212; 501; 
215; 262; 
217; 439; 
219; 486; 
220; 352; 498; 
221; 443; 438; 
222; 426; 
223; 512; 
225; 387; 
226; 524; 
227; 330; 
229; 456; 
230; 231; 
232; 306; 
234; 356; 
238; 341; 
239; 522; 
240; 348; 
241; 420; 
242; 405; 
244; 488; 
246; 391; 
247; 375; 
251; 442; 
255; 382; 
256; 268; 424; 
258; 376; 368; 
259; 483; 
261; 473; 
264; 265; 
266; 284; 
269; 331; 
271; 279; 
272; 371; 
273; 282; 
274; 313; 
277; 316; 
278; 468; 
281; 474; 471; 
283; 296; 
286; 324; 
287; 350; 
288; 321; 
289; 337; 
295; 402; 
299; 386; 
300; 529; 
301; 315; 
305; 307; 
309; 475; 
310; 437; 
311; 340; 
314; 390; 
320; 343; 
322; 462; 
323; 480; 
326; 504; 
327; 485; 
328; 436; 
329; 362; 
334; 354; 
335; 409; 
336; 491; 
339; 500; 
346; 369; 
349; 441; 
353; 413; 
359; 416; 
360; 495; 
363; 430; 
365; 452; 
377; 435; 
384; 494; 
388; 489; 
389; 502; 
393; 398; 
400; 493; 506; 
403; 455; 
411; 492; 
417; 429; 
425; 507; 
428; 472; 451; 
432; 447; 
433; 523; 
445; 446; 
448; 449; 
454; 528; 
457; 533; 
459; 532; 
515; 525; 
517; 518; 
521; 526; 
Recursion step 1:
Partitions:
0; 206; 
1; 12; 69; 
2; 58; 39; 
3; 184; 113; 
4; 20; 
5; 207; 147; 
6; 153; 
7; 192; 
8; 30; 
9; 118; 
10; 202; 
11; 198; 94; 
13; 15; 
14; 92; 
16; 175; 
17; 18; 
19; 52; 
21; 28; 
22; 25; 
23; 243; 237; 
24; 166; 
26; 140; 
27; 240; 
29; 150; 
31; 215; 
32; 129; 167; 
33; 37; 
34; 60; 
35; 99; 
36; 78; 
38; 125; 
40; 161; 123; 
41; 229; 76; 
42; 231; 
43; 162; 
44; 245; 
45; 57; 
46; 80; 
47; 121; 
48; 145; 
49; 79; 
50; 220; 
51; 91; 
53; 224; 
54; 171; 
55; 96; 
56; 139; 
59; 189; 
61; 193; 143; 
62; 101; 
63; 178; 
64; 75; 182; 
65; 219; 
66; 169; 
67; 228; 
68; 107; 
70; 141; 
71; 109; 
72; 142; 
73; 134; 
74; 98; 
77; 186; 152; 
81; 126; 
82; 116; 
83; 185; 
84; 111; 242; 
85; 86; 
87; 233; 
88; 108; 
89; 112; 
90; 180; 
93; 174; 
95; 195; 
97; 241; 
100; 124; 
102; 226; 
103; 239; 
104; 197; 
105; 165; 
106; 217; 
110; 133; 
114; 115; 
117; 205; 
119; 160; 
120; 199; 
122; 194; 
127; 157; 
128; 181; 
130; 132; 
131; 183; 
135; 148; 
136; 172; 
137; 168; 
138; 223; 
144; 164; 
146; 234; 
149; 216; 
151; 200; 
154; 188; 
155; 208; 
156; 225; 
158; 221; 218; 
159; 179; 
163; 213; 
170; 244; 
173; 235; 
176; 236; 
177; 196; 
187; 212; 
190; 227; 
191; 214; 
201; 222; 
203; 238; 
204; 211; 
209; 210; 
230; 232; 
Recursion step 2:
Partitions:
0; 109; 
1; 40; 
2; 30; 
3; 87; 44; 
4; 83; 
5; 48; 
6; 112; 
7; 11; 
8; 9; 25; 
10; 14; 60; 
12; 93; 
13; 49; 
15; 34; 
16; 17; 
18; 64; 77; 
19; 50; 102; 
20; 26; 
21; 45; 
22; 79; 
23; 46; 
24; 67; 
27; 82; 
28; 106; 
29; 59; 
31; 92; 
32; 98; 
33; 95; 
35; 36; 
37; 81; 
38; 69; 76; 
39; 86; 
41; 63; 
42; 72; 
43; 105; 
47; 96; 
51; 75; 
52; 55; 
53; 113; 84; 
54; 57; 
56; 115; 
58; 85; 
61; 73; 
62; 65; 
66; 97; 
68; 104; 
70; 108; 
71; 101; 100; 
74; 91; 
78; 80; 
88; 107; 
89; 110; 
90; 114; 
94; 99; 
103; 111; 
Recursion step 3:
Partitions:
0; 30; 
1; 52; 19; 
2; 23; 
3; 36; 
4; 15; 53; 
5; 33; 
6; 25; 
7; 10; 
8; 37; 
9; 49; 
11; 12; 
13; 16; 
14; 45; 
17; 22; 
18; 39; 
20; 26; 
21; 48; 
24; 44; 27; 
28; 29; 
31; 41; 
32; 40; 
34; 42; 
35; 51; 
38; 47; 46; 
43; 50; 
Recursion step 4:
Partitions:
0; 10; 
1; 24; 
2; 11; 
3; 7; 
4; 17; 16; 
5; 19; 
6; 15; 13; 
8; 20; 
9; 23; 
12; 21; 22; 
14; 18; 
Recursion step 5:
