293907413
291972695
291958022
287961559
287974305
287977732
291945385
291973435
287979622
296103623
291798453
291964201
295958770
291994255
291968187
295935236
291967305
291968266
295992001
291959621
296013404
291925038
291976765
283995066
291934738
287962342
288000829
291926990
291969478
295972662
296001403
291911499
287993212
287942650
291966512
283970358
295969310
293244149
294681698
287960607
292009434
291923020
291985365
291963434
291986622
279947930
287978442
291945309
291959360
291963193
291984382
288019370
291899337
291984611
292356309
287546480
287982290
292005350
287935765
287955713
291961087
287999225
295938684
295964806
