272309287
272045427
261329203
267997855
264264983
270269996
272005526
261526712
270418560
265357169
270587006
265362223
270564869
265479265
262723180
265128974
266600098
263991529
265389325
263992992
270528185
263987026
265437981
264003627
270473653
266027278
269942379
265861061
266092925
265404524
262553913
265534434
266425481
265447869
270509926
265414171
270574395
265403857
260016589
265242103
265212970
264005716
263983538
265480731
274474126
267968710
263983431
265424656
264726244
269769643
265440692
259797033
264228650
270471947
267968891
265473600
263860138
270601405
268027850
267913760
265648413
266338846
263957425
265427537
