295843282
283950496
280910412
291052960
291948757
295963730
283973400
287934770
276977581
294955920
287959753
287978723
291967461
276849533
295085840
287962547
296000006
287947380
291951567
291980016
291963187
291949145
291976298
291951110
288017896
291926193
291955312
291980757
283978487
291934337
287996615
283941897
283943127
291968101
295985842
295952508
284004911
291950245
291978994
291939803
295964747
291975137
292010428
295904647
291952433
295977430
291956448
295959913
291973550
291972734
292126175
291779869
291980146
291988281
291957979
283997142
291917581
284354566
287638422
291933866
291979917
291972867
291960775
287987255
