291829307
295989378
287972912
291964306
283975386
292182243
291765386
284030202
287973539
291939874
291982200
291973616
291985533
287980515
295993244
280888783
291079542
283979573
291958977
296003246
287976804
277263044
294666594
287987177
291968515
283990494
291974162
295971274
287993252
291972187
292017920
291944370
295986964
295969341
288010930
291936309
287976911
295993226
283974965
291980893
284004743
291954635
292030617
291922717
295956410
283985616
292005097
291959121
292002362
287962057
283989231
291974602
283993402
287954438
291975397
291982068
291992653
295978264
291974706
283976284
291974264
296019194
291960647
284156304
