267314068
263917048
263972102
266609578
265333935
270547208
263955804
264018893
265308773
270590903
267965393
265337117
263970768
264001912
270550742
265342104
264004941
264029394
264119159
263779307
263980158
263996584
264113434
270348376
264000801
265356239
270563377
265419163
270521149
267934397
265372329
259937699
263972500
260015755
270533080
261357123
264013131
264012062
263937400
270561934
261344317
263933110
263977818
259906241
264004832
266598706
265339998
264030519
263903213
263992042
263970356
266594856
255952400
265312248
264380256
266201616
263989442
265383814
270510534
264040065
267898667
265400006
270555734
265404959
