293922163
296286184
295671291
291968986
292005349
291946443
291982115
287987211
287978273
287973602
291973241
287985918
291977137
292012992
291940103
296006537
295924417
288008923
291966268
295966366
291991852
291987110
296054287
287885028
291982316
296013495
291971786
291967147
283982191
287972666
291978085
287992140
283969703
299961790
291980395
291983212
295994271
291961724
295982305
295958241
291979333
291993248
291967449
292020292
295932972
295998744
287972212
292003890
291941254
296022093
295940573
295976973
292020967
295924226
288001887
291957094
288388315
287584994
288005029
287993882
287923151
295986849
291970049
291990321
