Recursion step 0:
Partitions:
0; 1; 
2; 3; 
4; 15; 
5; 6; 
7; 8; 9; 
10; 11; 
12; 13; 
14; 17; 16; 
18; 20; 
19; 22; 
21; 27; 25; 
23; 29; 
24; 31; 28; 
26; 39; 
30; 37; 
32; 34; 33; 
35; 36; 
38; 48; 
40; 49; 
41; 44; 
42; 43; 
45; 46; 
47; 53; 
50; 51; 
52; 58; 
54; 56; 
55; 102; 
57; 69; 
59; 65; 62; 
60; 61; 
63; 71; 
64; 70; 
66; 72; 
67; 76; 
68; 97; 
73; 82; 
74; 85; 77; 
75; 91; 
78; 96; 
79; 83; 
80; 89; 
81; 93; 92; 
84; 105; 
86; 95; 
87; 94; 120; 
88; 106; 101; 
90; 108; 
98; 123; 
99; 103; 
100; 115; 
104; 110; 
107; 112; 
109; 117; 
111; 129; 
113; 114; 
116; 156; 
118; 133; 134; 
119; 122; 
121; 136; 
124; 147; 137; 
125; 132; 
126; 127; 
128; 139; 140; 
130; 135; 
131; 142; 
138; 172; 
141; 183; 
143; 144; 
145; 158; 
146; 153; 
148; 157; 
149; 160; 150; 
151; 164; 
152; 177; 
154; 163; 162; 
155; 165; 
159; 168; 
161; 176; 
166; 178; 175; 
167; 192; 
169; 174; 
170; 171; 
173; 180; 
179; 188; 
181; 186; 
182; 187; 
184; 195; 
185; 196; 
189; 199; 206; 
190; 209; 
191; 221; 
193; 203; 
194; 207; 
197; 204; 
198; 250; 
200; 211; 
201; 212; 
202; 215; 
205; 213; 
208; 223; 
210; 218; 
214; 240; 
216; 219; 
217; 220; 
222; 231; 
224; 229; 
225; 256; 
226; 248; 227; 
228; 265; 
230; 236; 
232; 246; 
233; 249; 
234; 267; 
235; 241; 
237; 238; 
239; 243; 255; 
242; 277; 
244; 247; 
245; 253; 
251; 261; 
252; 266; 
254; 279; 
257; 272; 
258; 268; 
259; 270; 
260; 264; 
262; 275; 
263; 271; 
269; 280; 
273; 329; 
274; 282; 
276; 293; 299; 
278; 283; 
281; 291; 
284; 289; 
285; 295; 
286; 296; 
287; 305; 
288; 297; 
290; 309; 
292; 326; 
294; 317; 
298; 307; 
300; 319; 
301; 310; 
302; 304; 320; 
303; 306; 
308; 321; 314; 
311; 318; 
312; 315; 
313; 316; 
322; 337; 
323; 333; 
324; 345; 
325; 331; 
327; 338; 
328; 348; 
330; 340; 
332; 350; 
334; 342; 
335; 349; 355; 
336; 353; 
339; 343; 
341; 357; 
344; 364; 
346; 360; 
347; 351; 
352; 362; 
354; 359; 
356; 365; 
358; 366; 
361; 367; 
363; 378; 
368; 376; 
369; 370; 
371; 374; 
372; 380; 
373; 379; 
375; 381; 
377; 385; 
382; 389; 
383; 395; 
384; 410; 
386; 402; 396; 
387; 390; 
388; 397; 
391; 401; 
392; 393; 
394; 430; 
398; 408; 
399; 417; 
400; 431; 
403; 404; 
405; 420; 
406; 432; 
407; 413; 
409; 418; 
411; 448; 
412; 414; 415; 
416; 423; 426; 
419; 422; 425; 
421; 445; 
424; 428; 
427; 441; 
429; 436; 434; 
433; 447; 450; 
435; 437; 
438; 443; 
439; 453; 
440; 477; 
442; 478; 
444; 446; 
449; 473; 
451; 464; 463; 
452; 459; 
454; 457; 
455; 466; 
456; 465; 
458; 461; 
460; 476; 
462; 467; 
468; 469; 
470; 503; 490; 
471; 472; 
474; 475; 
479; 487; 
480; 489; 
481; 485; 
482; 499; 
483; 495; 492; 
484; 488; 
486; 498; 
491; 501; 
493; 494; 
496; 507; 
497; 500; 
502; 516; 510; 
504; 518; 
505; 506; 
508; 521; 
509; 525; 
511; 515; 
512; 522; 
513; 528; 527; 
514; 519; 
517; 520; 
523; 524; 
526; 529; 
530; 531; 
Recursion step 1:
Partitions:
0; 3; 
1; 2; 
4; 5; 6; 
7; 9; 
8; 13; 
10; 16; 15; 
11; 12; 
14; 17; 
18; 37; 
19; 21; 
20; 22; 
23; 24; 
25; 40; 
26; 46; 
27; 39; 
28; 31; 
29; 49; 
30; 33; 
32; 36; 
34; 44; 
35; 43; 
38; 42; 
41; 48; 
45; 50; 
47; 76; 64; 
51; 54; 
52; 56; 
53; 60; 
55; 65; 
57; 69; 
58; 61; 
59; 83; 
62; 79; 71; 
63; 68; 
66; 108; 
67; 74; 
70; 73; 
72; 81; 
75; 78; 
77; 95; 
80; 82; 
84; 92; 
85; 91; 
86; 87; 
88; 99; 93; 
89; 103; 
90; 115; 
94; 114; 
96; 112; 
97; 113; 
98; 101; 
100; 105; 
102; 116; 
104; 107; 
106; 118; 
109; 121; 
110; 120; 
111; 122; 
117; 128; 
119; 124; 123; 
125; 135; 
126; 127; 
129; 160; 
130; 147; 
131; 148; 
132; 141; 
133; 145; 
134; 144; 
136; 138; 146; 
137; 139; 
140; 143; 
142; 149; 
150; 157; 
151; 158; 
152; 162; 
153; 163; 
154; 164; 
155; 166; 
156; 159; 
161; 165; 
167; 179; 
168; 175; 
169; 171; 
170; 172; 
173; 185; 
174; 187; 181; 
176; 184; 
177; 188; 190; 
178; 186; 
180; 191; 
182; 197; 
183; 195; 
189; 202; 198; 
192; 200; 
193; 201; 
194; 211; 
196; 199; 204; 
203; 212; 
205; 214; 
206; 207; 
208; 215; 218; 
209; 228; 
210; 234; 
213; 217; 
216; 219; 
220; 221; 
222; 239; 
223; 224; 
225; 230; 
226; 235; 
227; 232; 
229; 233; 
231; 240; 
236; 238; 
237; 248; 
241; 242; 
243; 247; 
244; 245; 246; 
Recursion step 2:
Partitions:
0; 1; 
2; 3; 
4; 7; 
5; 6; 
8; 16; 
9; 10; 
11; 12; 
13; 18; 
14; 23; 
15; 20; 
17; 21; 
19; 28; 
22; 25; 
24; 50; 
26; 38; 32; 
27; 35; 
29; 39; 
30; 37; 
31; 36; 
33; 41; 
34; 70; 
40; 42; 
43; 51; 
44; 54; 
45; 49; 61; 69; 55; 
46; 52; 67; 
47; 79; 
48; 53; 
56; 63; 
57; 58; 
59; 68; 
60; 64; 
62; 84; 89; 
65; 71; 
66; 74; 
72; 80; 
73; 75; 
76; 85; 90; 81; 78; 
77; 83; 
82; 88; 86; 
87; 95; 
91; 92; 
93; 96; 
94; 103; 107; 
97; 100; 
98; 99; 
101; 110; 
102; 116; 
104; 105; 
106; 112; 
108; 113; 
109; 111; 114; 
115; 117; 
Recursion step 3:
Partitions:
0; 1; 
2; 3; 
4; 17; 
5; 6; 
7; 16; 
8; 13; 10; 
9; 12; 
11; 20; 
14; 23; 
15; 22; 
18; 24; 
19; 21; 
25; 35; 
26; 32; 
27; 37; 
28; 30; 36; 
29; 33; 34; 
31; 38; 
39; 42; 
40; 48; 
41; 45; 
43; 50; 
44; 51; 
46; 49; 
47; 52; 
Recursion step 4:
Partitions:
0; 1; 
2; 7; 
3; 6; 
4; 11; 
5; 8; 
9; 10; 
12; 13; 
14; 16; 
15; 17; 
18; 20; 19; 
21; 24; 
22; 23; 
Recursion step 5:
Partitions:
0; 2; 
1; 7; 
3; 4; 
5; 8; 
6; 10; 
9; 11; 
Recursion step 6:
