Recursion step 0:
Costs:
0.000000e+00; 9.700000e+01; 2.050000e+02; 1.390000e+02; 8.600000e+01; 6.000000e+01; 2.200000e+02; 6.500000e+01; 1.110000e+02; 1.150000e+02; 2.270000e+02; 9.500000e+01; 8.200000e+01; 2.250000e+02; 1.680000e+02; 1.030000e+02; 2.660000e+02; 2.050000e+02; 1.490000e+02; 1.200000e+02; 5.800000e+01; 2.570000e+02; 1.520000e+02; 5.200000e+01; 1.800000e+02; 1.360000e+02; 8.200000e+01; 3.400000e+01; 1.450000e+02; 
9.700000e+01; 0.000000e+00; 1.290000e+02; 1.030000e+02; 7.100000e+01; 1.050000e+02; 2.580000e+02; 1.540000e+02; 1.120000e+02; 6.500000e+01; 2.040000e+02; 1.500000e+02; 8.700000e+01; 1.760000e+02; 1.370000e+02; 1.420000e+02; 2.040000e+02; 1.480000e+02; 1.480000e+02; 4.900000e+01; 4.100000e+01; 2.110000e+02; 2.260000e+02; 1.160000e+02; 1.970000e+02; 8.900000e+01; 1.530000e+02; 1.240000e+02; 7.400000e+01; 
2.050000e+02; 1.290000e+02; 0.000000e+00; 2.190000e+02; 1.250000e+02; 1.750000e+02; 3.860000e+02; 2.690000e+02; 1.340000e+02; 1.840000e+02; 3.130000e+02; 2.010000e+02; 2.150000e+02; 2.670000e+02; 2.480000e+02; 2.710000e+02; 2.740000e+02; 2.360000e+02; 2.720000e+02; 1.600000e+02; 1.510000e+02; 3.000000e+02; 3.500000e+02; 2.390000e+02; 3.220000e+02; 7.800000e+01; 2.760000e+02; 2.200000e+02; 6.000000e+01; 
1.390000e+02; 1.030000e+02; 2.190000e+02; 0.000000e+00; 1.670000e+02; 1.820000e+02; 1.800000e+02; 1.620000e+02; 2.080000e+02; 3.900000e+01; 1.020000e+02; 2.270000e+02; 6.000000e+01; 8.600000e+01; 3.400000e+01; 9.600000e+01; 1.290000e+02; 6.900000e+01; 5.800000e+01; 6.000000e+01; 1.200000e+02; 1.190000e+02; 1.920000e+02; 1.140000e+02; 1.100000e+02; 1.920000e+02; 1.360000e+02; 1.730000e+02; 1.730000e+02; 
8.600000e+01; 7.100000e+01; 1.250000e+02; 1.670000e+02; 0.000000e+00; 5.100000e+01; 2.960000e+02; 1.500000e+02; 4.200000e+01; 1.310000e+02; 2.680000e+02; 8.800000e+01; 1.310000e+02; 2.450000e+02; 2.010000e+02; 1.750000e+02; 2.750000e+02; 2.180000e+02; 2.020000e+02; 1.190000e+02; 5.000000e+01; 2.810000e+02; 2.380000e+02; 1.310000e+02; 2.440000e+02; 5.100000e+01; 1.660000e+02; 9.500000e+01; 6.900000e+01; 
6.000000e+01; 1.050000e+02; 1.750000e+02; 1.820000e+02; 5.100000e+01; 0.000000e+00; 2.790000e+02; 1.140000e+02; 5.600000e+01; 1.500000e+02; 2.780000e+02; 4.600000e+01; 1.330000e+02; 2.660000e+02; 2.140000e+02; 1.620000e+02; 3.020000e+02; 2.420000e+02; 2.030000e+02; 1.460000e+02; 6.700000e+01; 3.000000e+02; 2.050000e+02; 1.110000e+02; 2.380000e+02; 9.800000e+01; 1.390000e+02; 5.200000e+01; 1.200000e+02; 
2.200000e+02; 2.580000e+02; 3.860000e+02; 1.800000e+02; 2.960000e+02; 2.790000e+02; 0.000000e+00; 1.780000e+02; 3.280000e+02; 2.060000e+02; 1.470000e+02; 3.080000e+02; 1.720000e+02; 2.030000e+02; 1.650000e+02; 1.210000e+02; 2.510000e+02; 2.160000e+02; 1.220000e+02; 2.310000e+02; 2.490000e+02; 2.090000e+02; 1.110000e+02; 1.690000e+02; 7.200000e+01; 3.380000e+02; 1.440000e+02; 2.370000e+02; 3.310000e+02; 
6.500000e+01; 1.540000e+02; 2.690000e+02; 1.620000e+02; 1.500000e+02; 1.140000e+02; 1.780000e+02; 0.000000e+00; 1.690000e+02; 1.510000e+02; 2.270000e+02; 1.330000e+02; 1.040000e+02; 2.420000e+02; 1.820000e+02; 8.400000e+01; 2.900000e+02; 2.300000e+02; 1.460000e+02; 1.650000e+02; 1.210000e+02; 2.700000e+02; 9.100000e+01; 4.800000e+01; 1.580000e+02; 2.000000e+02; 3.900000e+01; 6.400000e+01; 2.100000e+02; 
1.110000e+02; 1.120000e+02; 1.340000e+02; 2.080000e+02; 4.200000e+01; 5.600000e+01; 3.280000e+02; 1.690000e+02; 0.000000e+00; 1.720000e+02; 3.090000e+02; 6.800000e+01; 1.690000e+02; 2.860000e+02; 2.420000e+02; 2.080000e+02; 3.150000e+02; 2.590000e+02; 2.400000e+02; 1.600000e+02; 9.000000e+01; 3.220000e+02; 2.600000e+02; 1.600000e+02; 2.810000e+02; 5.700000e+01; 1.920000e+02; 1.070000e+02; 9.000000e+01; 
1.150000e+02; 6.500000e+01; 1.840000e+02; 3.900000e+01; 1.310000e+02; 1.500000e+02; 2.060000e+02; 1.510000e+02; 1.720000e+02; 0.000000e+00; 1.400000e+02; 1.950000e+02; 5.100000e+01; 1.170000e+02; 7.200000e+01; 1.040000e+02; 1.530000e+02; 9.300000e+01; 8.800000e+01; 2.500000e+01; 8.500000e+01; 1.520000e+02; 2.000000e+02; 1.040000e+02; 1.390000e+02; 1.540000e+02; 1.340000e+02; 1.490000e+02; 1.350000e+02; 
2.270000e+02; 2.040000e+02; 3.130000e+02; 1.020000e+02; 2.680000e+02; 2.780000e+02; 1.470000e+02; 2.270000e+02; 3.090000e+02; 1.400000e+02; 0.000000e+00; 3.200000e+02; 1.460000e+02; 6.400000e+01; 6.800000e+01; 1.430000e+02; 1.060000e+02; 8.800000e+01; 8.100000e+01; 1.590000e+02; 2.190000e+02; 6.300000e+01; 2.160000e+02; 1.870000e+02; 8.800000e+01; 2.930000e+02; 1.910000e+02; 2.580000e+02; 2.720000e+02; 
9.500000e+01; 1.500000e+02; 2.010000e+02; 2.270000e+02; 8.800000e+01; 4.600000e+01; 3.080000e+02; 1.330000e+02; 6.800000e+01; 1.950000e+02; 3.200000e+02; 0.000000e+00; 1.740000e+02; 3.110000e+02; 2.580000e+02; 1.960000e+02; 3.470000e+02; 2.880000e+02; 2.430000e+02; 1.920000e+02; 1.130000e+02; 3.450000e+02; 2.220000e+02; 1.440000e+02; 2.740000e+02; 1.240000e+02; 1.650000e+02; 7.100000e+01; 1.530000e+02; 
8.200000e+01; 8.700000e+01; 2.150000e+02; 6.000000e+01; 1.310000e+02; 1.330000e+02; 1.720000e+02; 1.040000e+02; 1.690000e+02; 5.100000e+01; 1.460000e+02; 1.740000e+02; 0.000000e+00; 1.440000e+02; 8.600000e+01; 5.700000e+01; 1.890000e+02; 1.280000e+02; 7.100000e+01; 7.100000e+01; 8.200000e+01; 1.760000e+02; 1.500000e+02; 5.600000e+01; 1.140000e+02; 1.680000e+02; 8.300000e+01; 1.150000e+02; 1.600000e+02; 
2.250000e+02; 1.760000e+02; 2.670000e+02; 8.600000e+01; 2.450000e+02; 2.660000e+02; 2.030000e+02; 2.420000e+02; 2.860000e+02; 1.170000e+02; 6.400000e+01; 3.110000e+02; 1.440000e+02; 0.000000e+00; 6.100000e+01; 1.650000e+02; 5.100000e+01; 3.200000e+01; 1.050000e+02; 1.270000e+02; 2.010000e+02; 3.600000e+01; 2.540000e+02; 1.960000e+02; 1.360000e+02; 2.600000e+02; 2.120000e+02; 2.580000e+02; 2.340000e+02; 
1.680000e+02; 1.370000e+02; 2.480000e+02; 3.400000e+01; 2.010000e+02; 2.140000e+02; 1.650000e+02; 1.820000e+02; 2.420000e+02; 7.200000e+01; 6.800000e+01; 2.580000e+02; 8.600000e+01; 6.100000e+01; 0.000000e+00; 1.060000e+02; 1.100000e+02; 5.600000e+01; 4.900000e+01; 9.100000e+01; 1.530000e+02; 9.100000e+01; 1.970000e+02; 1.360000e+02; 9.400000e+01; 2.250000e+02; 1.510000e+02; 2.010000e+02; 2.050000e+02; 
1.030000e+02; 1.420000e+02; 2.710000e+02; 9.600000e+01; 1.750000e+02; 1.620000e+02; 1.210000e+02; 8.400000e+01; 2.080000e+02; 1.040000e+02; 1.430000e+02; 1.960000e+02; 5.700000e+01; 1.650000e+02; 1.060000e+02; 0.000000e+00; 2.150000e+02; 1.590000e+02; 6.400000e+01; 1.260000e+02; 1.280000e+02; 1.900000e+02; 9.800000e+01; 5.300000e+01; 7.800000e+01; 2.180000e+02; 4.800000e+01; 1.270000e+02; 2.140000e+02; 
2.660000e+02; 2.040000e+02; 2.740000e+02; 1.290000e+02; 2.750000e+02; 3.020000e+02; 2.510000e+02; 2.900000e+02; 3.150000e+02; 1.530000e+02; 1.060000e+02; 3.470000e+02; 1.890000e+02; 5.100000e+01; 1.100000e+02; 2.150000e+02; 0.000000e+00; 6.100000e+01; 1.550000e+02; 1.570000e+02; 2.350000e+02; 4.700000e+01; 3.050000e+02; 2.430000e+02; 1.860000e+02; 2.820000e+02; 2.610000e+02; 3.000000e+02; 2.520000e+02; 
2.050000e+02; 1.480000e+02; 2.360000e+02; 6.900000e+01; 2.180000e+02; 2.420000e+02; 2.160000e+02; 2.300000e+02; 2.590000e+02; 9.300000e+01; 8.800000e+01; 2.880000e+02; 1.280000e+02; 3.200000e+01; 5.600000e+01; 1.590000e+02; 6.100000e+01; 0.000000e+00; 1.050000e+02; 1.000000e+02; 1.760000e+02; 6.600000e+01; 2.530000e+02; 1.830000e+02; 1.460000e+02; 2.310000e+02; 2.030000e+02; 2.390000e+02; 2.040000e+02; 
1.490000e+02; 1.480000e+02; 2.720000e+02; 5.800000e+01; 2.020000e+02; 2.030000e+02; 1.220000e+02; 1.460000e+02; 2.400000e+02; 8.800000e+01; 8.100000e+01; 2.430000e+02; 7.100000e+01; 1.050000e+02; 4.900000e+01; 6.400000e+01; 1.550000e+02; 1.050000e+02; 0.000000e+00; 1.130000e+02; 1.520000e+02; 1.270000e+02; 1.500000e+02; 1.060000e+02; 5.200000e+01; 2.350000e+02; 1.120000e+02; 1.790000e+02; 2.210000e+02; 
1.200000e+02; 4.900000e+01; 1.600000e+02; 6.000000e+01; 1.190000e+02; 1.460000e+02; 2.310000e+02; 1.650000e+02; 1.600000e+02; 2.500000e+01; 1.590000e+02; 1.920000e+02; 7.100000e+01; 1.270000e+02; 9.100000e+01; 1.260000e+02; 1.570000e+02; 1.000000e+02; 1.130000e+02; 0.000000e+00; 7.900000e+01; 1.630000e+02; 2.200000e+02; 1.190000e+02; 1.640000e+02; 1.350000e+02; 1.520000e+02; 1.530000e+02; 1.140000e+02; 
5.800000e+01; 4.100000e+01; 1.510000e+02; 1.200000e+02; 5.000000e+01; 6.700000e+01; 2.490000e+02; 1.210000e+02; 9.000000e+01; 8.500000e+01; 2.190000e+02; 1.130000e+02; 8.200000e+01; 2.010000e+02; 1.530000e+02; 1.280000e+02; 2.350000e+02; 1.760000e+02; 1.520000e+02; 7.900000e+01; 0.000000e+00; 2.360000e+02; 2.010000e+02; 9.000000e+01; 1.950000e+02; 9.000000e+01; 1.270000e+02; 8.400000e+01; 9.100000e+01; 
2.570000e+02; 2.110000e+02; 3.000000e+02; 1.190000e+02; 2.810000e+02; 3.000000e+02; 2.090000e+02; 2.700000e+02; 3.220000e+02; 1.520000e+02; 6.300000e+01; 3.450000e+02; 1.760000e+02; 3.600000e+01; 9.100000e+01; 1.900000e+02; 4.700000e+01; 6.600000e+01; 1.270000e+02; 1.630000e+02; 2.360000e+02; 0.000000e+00; 2.730000e+02; 2.260000e+02; 1.480000e+02; 2.960000e+02; 2.380000e+02; 2.910000e+02; 2.690000e+02; 
1.520000e+02; 2.260000e+02; 3.500000e+02; 1.920000e+02; 2.380000e+02; 2.050000e+02; 1.110000e+02; 9.100000e+01; 2.600000e+02; 2.000000e+02; 2.160000e+02; 2.220000e+02; 1.500000e+02; 2.540000e+02; 1.970000e+02; 9.800000e+01; 3.050000e+02; 2.530000e+02; 1.500000e+02; 2.200000e+02; 2.010000e+02; 2.730000e+02; 0.000000e+00; 1.120000e+02; 1.300000e+02; 2.860000e+02; 7.400000e+01; 1.550000e+02; 2.910000e+02; 
5.200000e+01; 1.160000e+02; 2.390000e+02; 1.140000e+02; 1.310000e+02; 1.110000e+02; 1.690000e+02; 4.800000e+01; 1.600000e+02; 1.040000e+02; 1.870000e+02; 1.440000e+02; 5.600000e+01; 1.960000e+02; 1.360000e+02; 5.300000e+01; 2.430000e+02; 1.830000e+02; 1.060000e+02; 1.190000e+02; 9.000000e+01; 2.260000e+02; 1.120000e+02; 0.000000e+00; 1.300000e+02; 1.780000e+02; 3.800000e+01; 7.500000e+01; 1.800000e+02; 
1.800000e+02; 1.970000e+02; 3.220000e+02; 1.100000e+02; 2.440000e+02; 2.380000e+02; 7.200000e+01; 1.580000e+02; 2.810000e+02; 1.390000e+02; 8.800000e+01; 2.740000e+02; 1.140000e+02; 1.360000e+02; 9.400000e+01; 7.800000e+01; 1.860000e+02; 1.460000e+02; 5.200000e+01; 1.640000e+02; 1.950000e+02; 1.480000e+02; 1.300000e+02; 1.300000e+02; 0.000000e+00; 2.810000e+02; 1.200000e+02; 2.050000e+02; 2.700000e+02; 
1.360000e+02; 8.900000e+01; 7.800000e+01; 1.920000e+02; 5.100000e+01; 9.800000e+01; 3.380000e+02; 2.000000e+02; 5.700000e+01; 1.540000e+02; 2.930000e+02; 1.240000e+02; 1.680000e+02; 2.600000e+02; 2.250000e+02; 2.180000e+02; 2.820000e+02; 2.310000e+02; 2.350000e+02; 1.350000e+02; 9.000000e+01; 2.960000e+02; 2.860000e+02; 1.780000e+02; 2.810000e+02; 0.000000e+00; 2.130000e+02; 1.450000e+02; 3.600000e+01; 
8.200000e+01; 1.530000e+02; 2.760000e+02; 1.360000e+02; 1.660000e+02; 1.390000e+02; 1.440000e+02; 3.900000e+01; 1.920000e+02; 1.340000e+02; 1.910000e+02; 1.650000e+02; 8.300000e+01; 2.120000e+02; 1.510000e+02; 4.800000e+01; 2.610000e+02; 2.030000e+02; 1.120000e+02; 1.520000e+02; 1.270000e+02; 2.380000e+02; 7.400000e+01; 3.800000e+01; 1.200000e+02; 2.130000e+02; 0.000000e+00; 9.400000e+01; 2.170000e+02; 
3.400000e+01; 1.240000e+02; 2.200000e+02; 1.730000e+02; 9.500000e+01; 5.200000e+01; 2.370000e+02; 6.400000e+01; 1.070000e+02; 1.490000e+02; 2.580000e+02; 7.100000e+01; 1.150000e+02; 2.580000e+02; 2.010000e+02; 1.270000e+02; 3.000000e+02; 2.390000e+02; 1.790000e+02; 1.530000e+02; 8.400000e+01; 2.910000e+02; 1.550000e+02; 7.500000e+01; 2.050000e+02; 1.450000e+02; 9.400000e+01; 0.000000e+00; 1.620000e+02; 
1.450000e+02; 7.400000e+01; 6.000000e+01; 1.730000e+02; 6.900000e+01; 1.200000e+02; 3.310000e+02; 2.100000e+02; 9.000000e+01; 1.350000e+02; 2.720000e+02; 1.530000e+02; 1.600000e+02; 2.340000e+02; 2.050000e+02; 2.140000e+02; 2.520000e+02; 2.040000e+02; 2.210000e+02; 1.140000e+02; 9.100000e+01; 2.690000e+02; 2.910000e+02; 1.800000e+02; 2.700000e+02; 3.600000e+01; 2.170000e+02; 1.620000e+02; 0.000000e+00; 
Recursion step 1:
Costs:
0.000000e+00; 9.075000e+01; 1.688333e+02; 1.702500e+02; 9.975000e+01; 6.950000e+01; 2.105000e+02; 6.400000e+01; 1.342500e+02; 2.032500e+02; 1.067500e+02; 2.317500e+02; 2.785000e+02; 1.207500e+02; 
9.075000e+01; 0.000000e+00; 1.040000e+02; 1.282500e+02; 8.075000e+01; 1.087500e+02; 2.247500e+02; 1.202500e+02; 6.950000e+01; 1.807500e+02; 1.097500e+02; 1.752500e+02; 2.215000e+02; 1.767500e+02; 
1.688333e+02; 1.040000e+02; 0.000000e+00; 2.103333e+02; 8.766667e+01; 1.451667e+02; 3.213333e+02; 2.126667e+02; 1.470000e+02; 2.676667e+02; 2.076667e+02; 2.386667e+02; 2.788333e+02; 2.721667e+02; 
1.702500e+02; 1.282500e+02; 2.103333e+02; 0.000000e+00; 2.045000e+02; 2.202500e+02; 1.372500e+02; 1.485000e+02; 6.550000e+01; 6.925000e+01; 8.700000e+01; 6.800000e+01; 1.122500e+02; 1.690000e+02; 
9.975000e+01; 8.075000e+01; 8.766667e+01; 2.045000e+02; 0.000000e+00; 6.575000e+01; 2.872500e+02; 1.525000e+02; 1.455000e+02; 2.547500e+02; 1.707500e+02; 2.520000e+02; 2.982500e+02; 2.140000e+02; 
6.950000e+01; 1.087500e+02; 1.451667e+02; 2.202500e+02; 6.575000e+01; 0.000000e+00; 2.747500e+02; 1.255000e+02; 1.707500e+02; 2.610000e+02; 1.662500e+02; 2.767500e+02; 3.235000e+02; 1.827500e+02; 
2.105000e+02; 2.247500e+02; 3.213333e+02; 1.372500e+02; 2.872500e+02; 2.747500e+02; 0.000000e+00; 1.587500e+02; 1.850000e+02; 1.022500e+02; 1.212500e+02; 1.752500e+02; 1.985000e+02; 1.262500e+02; 
6.400000e+01; 1.202500e+02; 2.126667e+02; 1.485000e+02; 1.525000e+02; 1.255000e+02; 1.587500e+02; 0.000000e+00; 1.347500e+02; 1.665000e+02; 7.425000e+01; 2.127500e+02; 2.572500e+02; 7.000000e+01; 
1.342500e+02; 6.950000e+01; 1.470000e+02; 6.550000e+01; 1.455000e+02; 1.707500e+02; 1.850000e+02; 1.347500e+02; 0.000000e+00; 1.250000e+02; 8.800000e+01; 1.092500e+02; 1.562500e+02; 1.765000e+02; 
2.032500e+02; 1.807500e+02; 2.676667e+02; 6.925000e+01; 2.547500e+02; 2.610000e+02; 1.022500e+02; 1.665000e+02; 1.250000e+02; 0.000000e+00; 1.060000e+02; 9.050000e+01; 1.127500e+02; 1.672500e+02; 
1.067500e+02; 1.097500e+02; 2.076667e+02; 8.700000e+01; 1.707500e+02; 1.662500e+02; 1.212500e+02; 7.425000e+01; 8.800000e+01; 1.060000e+02; 0.000000e+00; 1.490000e+02; 1.925000e+02; 9.475000e+01; 
2.317500e+02; 1.752500e+02; 2.386667e+02; 6.800000e+01; 2.520000e+02; 2.767500e+02; 1.752500e+02; 2.127500e+02; 1.092500e+02; 9.050000e+01; 1.490000e+02; 0.000000e+00; 5.350000e+01; 2.305000e+02; 
2.785000e+02; 2.215000e+02; 2.788333e+02; 1.122500e+02; 2.982500e+02; 3.235000e+02; 1.985000e+02; 2.572500e+02; 1.562500e+02; 1.127500e+02; 1.925000e+02; 5.350000e+01; 0.000000e+00; 2.692500e+02; 
1.207500e+02; 1.767500e+02; 2.721667e+02; 1.690000e+02; 2.140000e+02; 1.827500e+02; 1.262500e+02; 7.000000e+01; 1.765000e+02; 1.672500e+02; 9.475000e+01; 2.305000e+02; 2.692500e+02; 0.000000e+00; 
Recursion step 2:
Costs:
0.000000e+00; 1.261250e+02; 1.198750e+02; 1.658750e+02; 2.373750e+02; 1.232500e+02; 2.776250e+02; 
1.261250e+02; 0.000000e+00; 1.193125e+02; 9.787500e+01; 1.788750e+02; 1.520625e+02; 1.655625e+02; 
1.198750e+02; 1.193125e+02; 0.000000e+00; 1.983125e+02; 2.827500e+02; 2.128333e+02; 2.669375e+02; 
1.658750e+02; 9.787500e+01; 1.983125e+02; 0.000000e+00; 1.084375e+02; 1.216250e+02; 1.304375e+02; 
2.373750e+02; 1.788750e+02; 2.827500e+02; 1.084375e+02; 0.000000e+00; 1.546875e+02; 1.442500e+02; 
1.232500e+02; 1.520625e+02; 2.128333e+02; 1.216250e+02; 1.546875e+02; 0.000000e+00; 2.424375e+02; 
2.776250e+02; 1.655625e+02; 2.669375e+02; 1.304375e+02; 1.442500e+02; 2.424375e+02; 0.000000e+00; 
Recursion step 3:
Costs:
0.000000e+00; 1.527240e+02; 1.999375e+02; 
1.527240e+02; 0.000000e+00; 1.983854e+02; 
1.999375e+02; 1.983854e+02; 0.000000e+00; 
