Recursion step 0:
Costs:
0.000000e+00; 1.070000e+02; 2.410000e+02; 1.900000e+02; 1.240000e+02; 8.000000e+01; 3.160000e+02; 7.600000e+01; 1.520000e+02; 1.570000e+02; 2.830000e+02; 1.330000e+02; 1.130000e+02; 2.970000e+02; 2.280000e+02; 1.290000e+02; 3.480000e+02; 2.760000e+02; 1.880000e+02; 1.500000e+02; 6.500000e+01; 3.410000e+02; 1.840000e+02; 6.700000e+01; 2.210000e+02; 1.690000e+02; 1.080000e+02; 4.500000e+01; 1.670000e+02; 
1.070000e+02; 0.000000e+00; 1.480000e+02; 1.370000e+02; 8.800000e+01; 1.270000e+02; 3.360000e+02; 1.830000e+02; 1.340000e+02; 9.500000e+01; 2.540000e+02; 1.800000e+02; 1.010000e+02; 2.340000e+02; 1.750000e+02; 1.760000e+02; 2.650000e+02; 1.990000e+02; 1.820000e+02; 6.700000e+01; 4.200000e+01; 2.780000e+02; 2.710000e+02; 1.460000e+02; 2.510000e+02; 1.050000e+02; 1.910000e+02; 1.390000e+02; 7.900000e+01; 
2.410000e+02; 1.480000e+02; 0.000000e+00; 3.740000e+02; 1.710000e+02; 2.590000e+02; 5.090000e+02; 3.170000e+02; 2.170000e+02; 2.320000e+02; 4.910000e+02; 3.120000e+02; 2.800000e+02; 3.910000e+02; 4.120000e+02; 3.490000e+02; 4.220000e+02; 3.560000e+02; 3.550000e+02; 2.040000e+02; 1.820000e+02; 4.350000e+02; 4.170000e+02; 2.920000e+02; 4.240000e+02; 1.160000e+02; 3.370000e+02; 2.730000e+02; 7.700000e+01; 
1.900000e+02; 1.370000e+02; 3.740000e+02; 0.000000e+00; 2.020000e+02; 2.340000e+02; 2.220000e+02; 1.920000e+02; 2.480000e+02; 4.200000e+01; 1.170000e+02; 2.870000e+02; 7.900000e+01; 1.070000e+02; 3.800000e+01; 1.210000e+02; 1.520000e+02; 8.600000e+01; 6.800000e+01; 7.000000e+01; 1.370000e+02; 1.510000e+02; 2.390000e+02; 1.350000e+02; 1.370000e+02; 2.420000e+02; 1.650000e+02; 2.280000e+02; 2.050000e+02; 
1.240000e+02; 8.800000e+01; 1.710000e+02; 2.020000e+02; 0.000000e+00; 6.100000e+01; 3.920000e+02; 2.020000e+02; 4.600000e+01; 1.600000e+02; 3.190000e+02; 1.120000e+02; 1.630000e+02; 3.220000e+02; 2.400000e+02; 2.320000e+02; 3.140000e+02; 2.870000e+02; 2.380000e+02; 1.550000e+02; 6.500000e+01; 3.660000e+02; 3.000000e+02; 1.750000e+02; 3.070000e+02; 5.700000e+01; 2.200000e+02; 1.210000e+02; 9.700000e+01; 
8.000000e+01; 1.270000e+02; 2.590000e+02; 2.340000e+02; 6.100000e+01; 0.000000e+00; 3.860000e+02; 1.410000e+02; 7.200000e+01; 1.670000e+02; 3.510000e+02; 5.500000e+01; 1.570000e+02; 3.310000e+02; 2.720000e+02; 2.260000e+02; 3.620000e+02; 2.960000e+02; 2.320000e+02; 1.640000e+02; 8.500000e+01; 3.750000e+02; 2.490000e+02; 1.470000e+02; 3.010000e+02; 1.180000e+02; 1.880000e+02; 6.000000e+01; 1.850000e+02; 
3.160000e+02; 3.360000e+02; 5.090000e+02; 2.220000e+02; 3.920000e+02; 3.860000e+02; 0.000000e+00; 2.330000e+02; 4.380000e+02; 2.540000e+02; 2.020000e+02; 4.390000e+02; 2.350000e+02; 2.540000e+02; 2.100000e+02; 1.870000e+02; 3.130000e+02; 2.660000e+02; 1.540000e+02; 2.820000e+02; 3.210000e+02; 2.980000e+02; 1.680000e+02; 2.490000e+02; 9.500000e+01; 4.370000e+02; 1.900000e+02; 3.140000e+02; 4.350000e+02; 
7.600000e+01; 1.830000e+02; 3.170000e+02; 1.920000e+02; 2.020000e+02; 1.410000e+02; 2.330000e+02; 0.000000e+00; 2.130000e+02; 1.880000e+02; 2.720000e+02; 1.930000e+02; 1.310000e+02; 3.020000e+02; 2.330000e+02; 9.800000e+01; 3.440000e+02; 2.890000e+02; 1.770000e+02; 2.160000e+02; 1.410000e+02; 3.460000e+02; 1.080000e+02; 5.700000e+01; 1.900000e+02; 2.450000e+02; 4.300000e+01; 8.100000e+01; 2.430000e+02; 
0.000000e+00; 0.000000e+00; 0.000000e+00; 0.000000e+00; 0.000000e+00; 0.000000e+00; 0.000000e+00; 0.000000e+00; 0.000000e+00; 0.000000e+00; 0.000000e+00; 0.000000e+00; 0.000000e+00; 0.000000e+00; 0.000000e+00; 0.000000e+00; 0.000000e+00; 0.000000e+00; 0.000000e+00; 0.000000e+00; 0.000000e+00; 0.000000e+00; 0.000000e+00; 0.000000e+00; 0.000000e+00; 0.000000e+00; 0.000000e+00; 0.000000e+00; 0.000000e+00; 
1.570000e+02; 9.500000e+01; 2.320000e+02; 4.200000e+01; 1.600000e+02; 1.670000e+02; 2.540000e+02; 1.880000e+02; 2.060000e+02; 0.000000e+00; 1.590000e+02; 2.200000e+02; 5.700000e+01; 1.490000e+02; 8.000000e+01; 1.320000e+02; 1.930000e+02; 1.270000e+02; 1.000000e+02; 2.800000e+01; 9.500000e+01; 1.930000e+02; 2.410000e+02; 1.310000e+02; 1.690000e+02; 2.000000e+02; 1.610000e+02; 1.890000e+02; 1.630000e+02; 
2.830000e+02; 2.540000e+02; 4.910000e+02; 1.170000e+02; 3.190000e+02; 3.510000e+02; 2.020000e+02; 2.720000e+02; 3.650000e+02; 1.590000e+02; 0.000000e+00; 4.040000e+02; 1.760000e+02; 1.060000e+02; 7.900000e+01; 1.610000e+02; 1.650000e+02; 1.410000e+02; 9.500000e+01; 1.870000e+02; 2.540000e+02; 1.030000e+02; 2.790000e+02; 2.150000e+02; 1.170000e+02; 3.590000e+02; 2.160000e+02; 3.080000e+02; 3.220000e+02; 
1.330000e+02; 1.800000e+02; 3.120000e+02; 2.870000e+02; 1.120000e+02; 5.500000e+01; 4.390000e+02; 1.930000e+02; 8.900000e+01; 2.200000e+02; 4.040000e+02; 0.000000e+00; 2.100000e+02; 3.840000e+02; 3.250000e+02; 2.790000e+02; 4.150000e+02; 3.490000e+02; 2.850000e+02; 2.170000e+02; 1.380000e+02; 4.280000e+02; 3.100000e+02; 2.000000e+02; 3.540000e+02; 1.690000e+02; 2.410000e+02; 1.120000e+02; 2.380000e+02; 
1.130000e+02; 1.010000e+02; 2.800000e+02; 7.900000e+01; 1.630000e+02; 1.570000e+02; 2.350000e+02; 1.310000e+02; 2.090000e+02; 5.700000e+01; 1.760000e+02; 2.100000e+02; 0.000000e+00; 1.860000e+02; 1.170000e+02; 7.500000e+01; 2.310000e+02; 1.650000e+02; 8.100000e+01; 8.500000e+01; 9.200000e+01; 2.300000e+02; 1.840000e+02; 7.400000e+01; 1.500000e+02; 2.080000e+02; 1.040000e+02; 1.580000e+02; 2.060000e+02; 
2.970000e+02; 2.340000e+02; 3.910000e+02; 1.070000e+02; 3.220000e+02; 3.310000e+02; 2.540000e+02; 3.020000e+02; 3.680000e+02; 1.490000e+02; 1.060000e+02; 3.840000e+02; 1.860000e+02; 0.000000e+00; 6.900000e+01; 1.910000e+02; 5.900000e+01; 3.500000e+01; 1.250000e+02; 1.670000e+02; 2.550000e+02; 4.400000e+01; 3.090000e+02; 2.450000e+02; 1.690000e+02; 3.270000e+02; 2.460000e+02; 3.350000e+02; 2.880000e+02; 
2.280000e+02; 1.750000e+02; 4.120000e+02; 3.800000e+01; 2.400000e+02; 2.720000e+02; 2.100000e+02; 2.330000e+02; 2.860000e+02; 8.000000e+01; 7.900000e+01; 3.250000e+02; 1.170000e+02; 6.900000e+01; 0.000000e+00; 1.220000e+02; 1.220000e+02; 5.600000e+01; 5.600000e+01; 1.080000e+02; 1.750000e+02; 1.130000e+02; 2.400000e+02; 1.760000e+02; 1.250000e+02; 2.800000e+02; 1.770000e+02; 2.660000e+02; 2.430000e+02; 
1.290000e+02; 1.760000e+02; 3.490000e+02; 1.210000e+02; 2.320000e+02; 2.260000e+02; 1.870000e+02; 9.800000e+01; 2.780000e+02; 1.320000e+02; 1.610000e+02; 2.790000e+02; 7.500000e+01; 1.910000e+02; 1.220000e+02; 0.000000e+00; 2.440000e+02; 1.780000e+02; 6.600000e+01; 1.600000e+02; 1.610000e+02; 2.350000e+02; 1.180000e+02; 6.200000e+01; 9.200000e+01; 2.770000e+02; 5.500000e+01; 1.550000e+02; 2.750000e+02; 
3.480000e+02; 2.650000e+02; 4.220000e+02; 1.520000e+02; 3.140000e+02; 3.620000e+02; 3.130000e+02; 3.440000e+02; 3.600000e+02; 1.930000e+02; 1.650000e+02; 4.150000e+02; 2.310000e+02; 5.900000e+01; 1.220000e+02; 2.440000e+02; 0.000000e+00; 6.600000e+01; 1.780000e+02; 1.980000e+02; 2.860000e+02; 7.700000e+01; 3.620000e+02; 2.870000e+02; 2.280000e+02; 3.580000e+02; 2.990000e+02; 3.800000e+02; 3.190000e+02; 
2.760000e+02; 1.990000e+02; 3.560000e+02; 8.600000e+01; 2.870000e+02; 2.960000e+02; 2.660000e+02; 2.890000e+02; 3.330000e+02; 1.270000e+02; 1.410000e+02; 3.490000e+02; 1.650000e+02; 3.500000e+01; 5.600000e+01; 1.780000e+02; 6.600000e+01; 0.000000e+00; 1.120000e+02; 1.320000e+02; 2.200000e+02; 7.900000e+01; 2.960000e+02; 2.320000e+02; 1.810000e+02; 2.920000e+02; 2.330000e+02; 3.140000e+02; 2.530000e+02; 
1.880000e+02; 1.820000e+02; 3.550000e+02; 6.800000e+01; 2.380000e+02; 2.320000e+02; 1.540000e+02; 1.770000e+02; 2.840000e+02; 1.000000e+02; 9.500000e+01; 2.850000e+02; 8.100000e+01; 1.250000e+02; 5.600000e+01; 6.600000e+01; 1.780000e+02; 1.120000e+02; 0.000000e+00; 1.280000e+02; 1.670000e+02; 1.690000e+02; 1.790000e+02; 1.200000e+02; 6.900000e+01; 2.830000e+02; 1.210000e+02; 2.130000e+02; 2.810000e+02; 
1.500000e+02; 6.700000e+01; 2.040000e+02; 7.000000e+01; 1.550000e+02; 1.640000e+02; 2.820000e+02; 2.160000e+02; 2.010000e+02; 2.800000e+01; 1.870000e+02; 2.170000e+02; 8.500000e+01; 1.670000e+02; 1.080000e+02; 1.600000e+02; 1.980000e+02; 1.320000e+02; 1.280000e+02; 0.000000e+00; 8.800000e+01; 2.110000e+02; 2.690000e+02; 1.590000e+02; 1.970000e+02; 1.720000e+02; 1.890000e+02; 1.820000e+02; 1.350000e+02; 
6.500000e+01; 4.200000e+01; 1.820000e+02; 1.370000e+02; 6.500000e+01; 8.500000e+01; 3.210000e+02; 1.410000e+02; 1.110000e+02; 9.500000e+01; 2.540000e+02; 1.380000e+02; 9.200000e+01; 2.550000e+02; 1.750000e+02; 1.610000e+02; 2.860000e+02; 2.200000e+02; 1.670000e+02; 8.800000e+01; 0.000000e+00; 2.990000e+02; 2.290000e+02; 1.040000e+02; 2.360000e+02; 1.100000e+02; 1.490000e+02; 9.700000e+01; 1.080000e+02; 
3.410000e+02; 2.780000e+02; 4.350000e+02; 1.510000e+02; 3.660000e+02; 3.750000e+02; 2.980000e+02; 3.460000e+02; 4.120000e+02; 1.930000e+02; 1.030000e+02; 4.280000e+02; 2.300000e+02; 4.400000e+01; 1.130000e+02; 2.350000e+02; 7.700000e+01; 7.900000e+01; 1.690000e+02; 2.110000e+02; 2.990000e+02; 0.000000e+00; 3.530000e+02; 2.890000e+02; 2.130000e+02; 3.710000e+02; 2.900000e+02; 3.790000e+02; 3.320000e+02; 
1.840000e+02; 2.710000e+02; 4.170000e+02; 2.390000e+02; 3.000000e+02; 2.490000e+02; 1.680000e+02; 1.080000e+02; 3.210000e+02; 2.410000e+02; 2.790000e+02; 3.100000e+02; 1.840000e+02; 3.090000e+02; 2.400000e+02; 1.180000e+02; 3.620000e+02; 2.960000e+02; 1.790000e+02; 2.690000e+02; 2.290000e+02; 3.530000e+02; 0.000000e+00; 1.210000e+02; 1.620000e+02; 3.450000e+02; 8.000000e+01; 1.890000e+02; 3.420000e+02; 
6.700000e+01; 1.460000e+02; 2.920000e+02; 1.350000e+02; 1.750000e+02; 1.470000e+02; 2.490000e+02; 5.700000e+01; 2.210000e+02; 1.310000e+02; 2.150000e+02; 2.000000e+02; 7.400000e+01; 2.450000e+02; 1.760000e+02; 6.200000e+01; 2.870000e+02; 2.320000e+02; 1.200000e+02; 1.590000e+02; 1.040000e+02; 2.890000e+02; 1.210000e+02; 0.000000e+00; 1.540000e+02; 2.200000e+02; 4.100000e+01; 9.300000e+01; 2.180000e+02; 
2.210000e+02; 2.510000e+02; 4.240000e+02; 1.370000e+02; 3.070000e+02; 3.010000e+02; 9.500000e+01; 1.900000e+02; 3.530000e+02; 1.690000e+02; 1.170000e+02; 3.540000e+02; 1.500000e+02; 1.690000e+02; 1.250000e+02; 9.200000e+01; 2.280000e+02; 1.810000e+02; 6.900000e+01; 1.970000e+02; 2.360000e+02; 2.130000e+02; 1.620000e+02; 1.540000e+02; 0.000000e+00; 3.520000e+02; 1.470000e+02; 2.470000e+02; 3.500000e+02; 
1.690000e+02; 1.050000e+02; 1.160000e+02; 2.420000e+02; 5.700000e+01; 1.180000e+02; 4.370000e+02; 2.450000e+02; 7.200000e+01; 2.000000e+02; 3.590000e+02; 1.690000e+02; 2.080000e+02; 3.270000e+02; 2.800000e+02; 2.770000e+02; 3.580000e+02; 2.920000e+02; 2.830000e+02; 1.720000e+02; 1.100000e+02; 3.710000e+02; 3.450000e+02; 2.200000e+02; 3.520000e+02; 0.000000e+00; 2.650000e+02; 1.780000e+02; 3.900000e+01; 
1.080000e+02; 1.910000e+02; 3.370000e+02; 1.650000e+02; 2.200000e+02; 1.880000e+02; 1.900000e+02; 4.300000e+01; 2.660000e+02; 1.610000e+02; 2.160000e+02; 2.410000e+02; 1.040000e+02; 2.460000e+02; 1.770000e+02; 5.500000e+01; 2.990000e+02; 2.330000e+02; 1.210000e+02; 1.890000e+02; 1.490000e+02; 2.900000e+02; 8.000000e+01; 4.100000e+01; 1.470000e+02; 2.650000e+02; 0.000000e+00; 1.240000e+02; 2.630000e+02; 
4.500000e+01; 1.390000e+02; 2.730000e+02; 2.280000e+02; 1.210000e+02; 6.000000e+01; 3.140000e+02; 8.100000e+01; 1.320000e+02; 1.890000e+02; 3.080000e+02; 1.120000e+02; 1.580000e+02; 3.350000e+02; 2.660000e+02; 1.550000e+02; 3.800000e+02; 3.140000e+02; 2.130000e+02; 1.820000e+02; 9.700000e+01; 3.790000e+02; 1.890000e+02; 9.300000e+01; 2.470000e+02; 1.780000e+02; 1.240000e+02; 0.000000e+00; 1.990000e+02; 
1.670000e+02; 7.900000e+01; 7.700000e+01; 2.050000e+02; 9.700000e+01; 1.850000e+02; 4.350000e+02; 2.430000e+02; 1.110000e+02; 1.630000e+02; 3.220000e+02; 2.380000e+02; 2.060000e+02; 2.880000e+02; 2.430000e+02; 2.750000e+02; 3.190000e+02; 2.530000e+02; 2.810000e+02; 1.350000e+02; 1.080000e+02; 3.320000e+02; 3.420000e+02; 2.180000e+02; 3.500000e+02; 3.900000e+01; 2.630000e+02; 1.990000e+02; 0.000000e+00; 
Recursion step 1:
Costs:
0.000000e+00; 1.020000e+02; 1.756000e+02; 2.280000e+02; 9.625000e+01; 2.745000e+02; 7.925000e+01; 1.695000e+02; 2.480000e+02; 1.387500e+02; 3.380000e+02; 3.295000e+02; 1.512500e+02; 
1.020000e+02; 0.000000e+00; 1.130000e+02; 1.560000e+02; 1.325000e+02; 2.860000e+02; 1.435000e+02; 8.625000e+01; 2.142500e+02; 1.325000e+02; 2.665000e+02; 2.425000e+02; 2.100000e+02; 
1.472000e+02; 8.850000e+01; 0.000000e+00; 2.198000e+02; 1.454000e+02; 3.206000e+02; 1.912000e+02; 1.421000e+02; 2.648000e+02; 1.990000e+02; 2.832000e+02; 2.601000e+02; 2.489000e+02; 
2.280000e+02; 1.560000e+02; 2.732000e+02; 0.000000e+00; 2.795000e+02; 1.735000e+02; 1.840000e+02; 7.500000e+01; 8.000000e+01; 1.097500e+02; 1.100000e+02; 1.040000e+02; 2.052500e+02; 
9.625000e+01; 1.325000e+02; 1.615000e+02; 2.795000e+02; 0.000000e+00; 3.700000e+02; 1.702500e+02; 1.920000e+02; 3.180000e+02; 2.180000e+02; 3.795000e+02; 3.555000e+02; 2.470000e+02; 
2.745000e+02; 2.860000e+02; 3.997000e+02; 1.735000e+02; 3.700000e+02; 0.000000e+00; 2.065000e+02; 2.255000e+02; 1.355000e+02; 1.660000e+02; 2.335000e+02; 2.470000e+02; 1.667500e+02; 
7.925000e+01; 1.435000e+02; 2.346000e+02; 1.840000e+02; 1.702500e+02; 2.065000e+02; 0.000000e+00; 1.735000e+02; 1.960000e+02; 9.125000e+01; 2.955000e+02; 2.880000e+02; 7.825000e+01; 
1.695000e+02; 8.625000e+01; 1.828000e+02; 7.500000e+01; 1.920000e+02; 2.255000e+02; 1.735000e+02; 0.000000e+00; 1.435000e+02; 1.085000e+02; 1.800000e+02; 1.625000e+02; 2.150000e+02; 
2.480000e+02; 2.142500e+02; 3.297000e+02; 8.000000e+01; 3.180000e+02; 1.355000e+02; 1.960000e+02; 1.435000e+02; 0.000000e+00; 1.210000e+02; 1.257500e+02; 1.490000e+02; 1.987500e+02; 
1.387500e+02; 1.325000e+02; 2.477000e+02; 1.097500e+02; 2.180000e+02; 1.660000e+02; 9.125000e+01; 1.085000e+02; 1.210000e+02; 0.000000e+00; 2.105000e+02; 2.045000e+02; 1.152500e+02; 
3.380000e+02; 2.665000e+02; 3.612000e+02; 1.100000e+02; 3.795000e+02; 2.335000e+02; 2.955000e+02; 1.800000e+02; 1.257500e+02; 2.105000e+02; 0.000000e+00; 6.250000e+01; 2.995000e+02; 
3.295000e+02; 2.425000e+02; 3.294000e+02; 1.040000e+02; 3.555000e+02; 2.470000e+02; 2.880000e+02; 1.625000e+02; 1.490000e+02; 2.045000e+02; 6.250000e+01; 0.000000e+00; 2.975000e+02; 
1.512500e+02; 2.100000e+02; 3.076000e+02; 2.052500e+02; 2.470000e+02; 1.667500e+02; 7.825000e+01; 2.150000e+02; 1.987500e+02; 1.152500e+02; 2.995000e+02; 2.975000e+02; 0.000000e+00; 
Recursion step 2:
Costs:
0.000000e+00; 1.429000e+02; 2.172500e+02; 3.026250e+02; 1.674167e+02; 3.506250e+02; 
1.317750e+02; 0.000000e+00; 1.510375e+02; 2.714125e+02; 1.875167e+02; 2.630750e+02; 
2.172500e+02; 1.745625e+02; 0.000000e+00; 1.556250e+02; 1.660000e+02; 1.391250e+02; 
3.026250e+02; 3.074125e+02; 1.556250e+02; 0.000000e+00; 1.758333e+02; 1.888125e+02; 
1.674167e+02; 2.126500e+02; 1.660000e+02; 1.758333e+02; 0.000000e+00; 2.659167e+02; 
3.506250e+02; 2.999000e+02; 1.391250e+02; 1.888125e+02; 2.659167e+02; 0.000000e+00; 
Recursion step 3:
Costs:
0.000000e+00; 2.454969e+02; 2.322427e+02; 
2.605844e+02; 0.000000e+00; 1.940885e+02; 
2.475260e+02; 1.940885e+02; 0.000000e+00; 
