Recursion step 0:
Partitions:
0; 21; 
1; 41; 6; 
2; 16; 20; 30; 17; 
3; 24; 
4; 5; 14; 
7; 40; 
8; 9; 
10; 51; 
11; 50; 
12; 13; 
15; 28; 
18; 44; 
19; 49; 
22; 29; 
23; 47; 
25; 46; 
26; 27; 
31; 48; 
32; 42; 
33; 34; 35; 
36; 37; 
38; 39; 
43; 45; 
Recursion step 1:
Partitions:
0; 17; 
1; 2; 
3; 4; 
5; 11; 
6; 18; 
7; 8; 16; 15; 9; 
10; 22; 
12; 13; 
14; 20; 
19; 21; 
Recursion step 2:
Partitions:
0; 1; 
2; 5; 
3; 4; 
6; 7; 
8; 9; 
Recursion step 3:
Partitions:
0; 2; 
1; 3; 4; 
Recursion step 4:
