Recursion step 0:
Partitions:
0; 21; 
1; 41; 6; 
2; 16; 20; 30; 17; 
3; 24; 
4; 5; 14; 
7; 40; 
8; 9; 
10; 51; 
11; 50; 
12; 13; 
15; 28; 
18; 44; 
19; 49; 
22; 29; 
23; 47; 
25; 46; 
26; 27; 
31; 48; 
32; 42; 
33; 34; 35; 
36; 37; 
38; 39; 
43; 45; 
Recursion step 1:
Partitions:
0; 17; 
1; 13; 
2; 11; 
3; 14; 4; 
5; 6; 
7; 16; 
8; 18; 
9; 15; 
10; 12; 
19; 21; 20; 22; 
Recursion step 2:
Partitions:
0; 2; 
1; 8; 
3; 9; 
4; 6; 
5; 7; 
Recursion step 3:
Partitions:
0; 1; 
2; 3; 4; 
Recursion step 4:
