Recursion step 0:
Partitions:
0; 15; 
1; 50; 
2; 9; 
3; 21; 
4; 120; 55; 
5; 14; 105; 
6; 119; 
7; 71; 18; 
8; 10; 
11; 13; 
12; 49; 114; 
16; 20; 
17; 76; 
19; 107; 
22; 23; 
24; 32; 
25; 37; 
26; 30; 
27; 121; 
28; 31; 
29; 40; 
33; 42; 
34; 39; 
35; 36; 
38; 41; 
43; 102; 44; 
45; 93; 
46; 52; 48; 
47; 117; 
51; 123; 
53; 56; 
54; 65; 
57; 99; 63; 
58; 59; 61; 
60; 90; 
62; 118; 
64; 112; 
66; 73; 72; 
67; 70; 
68; 69; 
74; 75; 
77; 116; 
78; 79; 
80; 83; 
81; 82; 125; 
84; 85; 
86; 87; 
88; 98; 91; 
89; 115; 
92; 126; 
94; 122; 
95; 108; 109; 
96; 97; 
100; 101; 
103; 124; 
104; 113; 
106; 111; 110; 
Recursion step 1:
Partitions:
0; 1; 
2; 10; 6; 
3; 13; 
4; 29; 
5; 55; 
7; 11; 
8; 14; 
9; 20; 
12; 37; 
15; 18; 19; 
16; 21; 24; 
17; 42; 
22; 23; 
25; 30; 
26; 56; 
27; 28; 
31; 36; 
32; 34; 
33; 48; 
35; 51; 
38; 39; 
40; 43; 41; 
44; 53; 
45; 46; 
47; 54; 
49; 50; 52; 
Recursion step 2:
Partitions:
0; 1; 
2; 5; 
3; 13; 
4; 6; 
7; 11; 
8; 20; 
9; 25; 
10; 12; 
14; 15; 
16; 24; 
17; 18; 
19; 23; 
21; 22; 
Recursion step 3:
