Recursion step 0:
Partitions:
0; 15; 
1; 50; 
2; 9; 
3; 21; 
4; 120; 55; 
5; 14; 105; 
6; 119; 
7; 71; 18; 
8; 10; 
11; 13; 
12; 49; 114; 
16; 20; 
17; 76; 
19; 107; 
22; 23; 
24; 32; 
25; 37; 
26; 30; 
27; 121; 
28; 31; 
29; 40; 
33; 42; 
34; 39; 
35; 36; 
38; 41; 
43; 102; 44; 
45; 93; 
46; 52; 48; 
47; 117; 
51; 123; 
53; 56; 
54; 65; 
57; 99; 63; 
58; 59; 61; 
60; 90; 
62; 118; 
64; 112; 
66; 73; 72; 
67; 70; 
68; 69; 
74; 75; 
77; 116; 
78; 79; 
80; 83; 
81; 82; 125; 
84; 85; 
86; 87; 
88; 98; 91; 
89; 115; 
92; 126; 
94; 122; 
95; 108; 109; 
96; 97; 
100; 101; 
103; 124; 
104; 113; 
106; 111; 110; 
Recursion step 1:
Partitions:
0; 6; 
1; 30; 
2; 10; 
3; 11; 
4; 29; 
5; 13; 
7; 14; 
8; 55; 
9; 20; 
12; 42; 
15; 18; 19; 
16; 17; 
21; 24; 
22; 23; 
25; 49; 
26; 56; 
27; 28; 
31; 36; 
32; 34; 
33; 48; 
35; 51; 
37; 38; 
39; 40; 
41; 43; 
44; 53; 
45; 46; 
47; 54; 
50; 52; 
Recursion step 2:
Partitions:
0; 2; 
1; 4; 
3; 6; 9; 
5; 7; 
8; 13; 12; 
10; 11; 
14; 27; 
15; 16; 
17; 26; 
18; 19; 
20; 25; 
21; 22; 
23; 24; 
Recursion step 3:
Partitions:
0; 9; 3; 
1; 6; 
2; 12; 
4; 5; 
7; 8; 
10; 11; 
Recursion step 4:
Partitions:
0; 3; 
1; 4; 
2; 5; 
Recursion step 5:
