Recursion step 0:
Costs:
9.999000e+03; 3.000000e+00; 5.000000e+00; 4.800000e+01; 4.800000e+01; 8.000000e+00; 8.000000e+00; 5.000000e+00; 5.000000e+00; 3.000000e+00; 3.000000e+00; 0.000000e+00; 3.000000e+00; 5.000000e+00; 8.000000e+00; 8.000000e+00; 5.000000e+00; 
3.000000e+00; 9.999000e+03; 3.000000e+00; 4.800000e+01; 4.800000e+01; 8.000000e+00; 8.000000e+00; 5.000000e+00; 5.000000e+00; 0.000000e+00; 0.000000e+00; 3.000000e+00; 0.000000e+00; 3.000000e+00; 8.000000e+00; 8.000000e+00; 5.000000e+00; 
5.000000e+00; 3.000000e+00; 9.999000e+03; 7.200000e+01; 7.200000e+01; 4.800000e+01; 4.800000e+01; 2.400000e+01; 2.400000e+01; 3.000000e+00; 3.000000e+00; 5.000000e+00; 3.000000e+00; 0.000000e+00; 4.800000e+01; 4.800000e+01; 2.400000e+01; 
4.800000e+01; 4.800000e+01; 7.400000e+01; 9.999000e+03; 0.000000e+00; 6.000000e+00; 6.000000e+00; 1.200000e+01; 1.200000e+01; 4.800000e+01; 4.800000e+01; 4.800000e+01; 4.800000e+01; 7.400000e+01; 6.000000e+00; 6.000000e+00; 1.200000e+01; 
4.800000e+01; 4.800000e+01; 7.400000e+01; 0.000000e+00; 9.999000e+03; 6.000000e+00; 6.000000e+00; 1.200000e+01; 1.200000e+01; 4.800000e+01; 4.800000e+01; 4.800000e+01; 4.800000e+01; 7.400000e+01; 6.000000e+00; 6.000000e+00; 1.200000e+01; 
8.000000e+00; 8.000000e+00; 5.000000e+01; 6.000000e+00; 6.000000e+00; 9.999000e+03; 0.000000e+00; 8.000000e+00; 8.000000e+00; 8.000000e+00; 8.000000e+00; 8.000000e+00; 8.000000e+00; 5.000000e+01; 0.000000e+00; 0.000000e+00; 8.000000e+00; 
8.000000e+00; 8.000000e+00; 5.000000e+01; 6.000000e+00; 6.000000e+00; 0.000000e+00; 9.999000e+03; 8.000000e+00; 8.000000e+00; 8.000000e+00; 8.000000e+00; 8.000000e+00; 8.000000e+00; 5.000000e+01; 0.000000e+00; 0.000000e+00; 8.000000e+00; 
0.000000e+00; 0.000000e+00; 0.000000e+00; 0.000000e+00; 0.000000e+00; 0.000000e+00; 0.000000e+00; 0.000000e+00; 0.000000e+00; 0.000000e+00; 0.000000e+00; 0.000000e+00; 0.000000e+00; 0.000000e+00; 0.000000e+00; 0.000000e+00; 0.000000e+00; 
5.000000e+00; 5.000000e+00; 2.600000e+01; 1.200000e+01; 1.200000e+01; 8.000000e+00; 8.000000e+00; 0.000000e+00; 9.999000e+03; 5.000000e+00; 5.000000e+00; 5.000000e+00; 5.000000e+00; 2.600000e+01; 8.000000e+00; 8.000000e+00; 0.000000e+00; 
3.000000e+00; 0.000000e+00; 3.000000e+00; 4.800000e+01; 4.800000e+01; 8.000000e+00; 8.000000e+00; 5.000000e+00; 5.000000e+00; 9.999000e+03; 0.000000e+00; 3.000000e+00; 0.000000e+00; 3.000000e+00; 8.000000e+00; 8.000000e+00; 5.000000e+00; 
3.000000e+00; 0.000000e+00; 3.000000e+00; 4.800000e+01; 4.800000e+01; 8.000000e+00; 8.000000e+00; 5.000000e+00; 5.000000e+00; 0.000000e+00; 9.999000e+03; 3.000000e+00; 0.000000e+00; 3.000000e+00; 8.000000e+00; 8.000000e+00; 5.000000e+00; 
0.000000e+00; 3.000000e+00; 5.000000e+00; 4.800000e+01; 4.800000e+01; 8.000000e+00; 8.000000e+00; 5.000000e+00; 5.000000e+00; 3.000000e+00; 3.000000e+00; 9.999000e+03; 3.000000e+00; 5.000000e+00; 8.000000e+00; 8.000000e+00; 5.000000e+00; 
3.000000e+00; 0.000000e+00; 3.000000e+00; 4.800000e+01; 4.800000e+01; 8.000000e+00; 8.000000e+00; 5.000000e+00; 5.000000e+00; 0.000000e+00; 0.000000e+00; 3.000000e+00; 9.999000e+03; 3.000000e+00; 8.000000e+00; 8.000000e+00; 5.000000e+00; 
5.000000e+00; 3.000000e+00; 0.000000e+00; 7.200000e+01; 7.200000e+01; 4.800000e+01; 4.800000e+01; 2.400000e+01; 2.400000e+01; 3.000000e+00; 3.000000e+00; 5.000000e+00; 3.000000e+00; 9.999000e+03; 4.800000e+01; 4.800000e+01; 2.400000e+01; 
8.000000e+00; 8.000000e+00; 5.000000e+01; 6.000000e+00; 6.000000e+00; 0.000000e+00; 0.000000e+00; 8.000000e+00; 8.000000e+00; 8.000000e+00; 8.000000e+00; 8.000000e+00; 8.000000e+00; 5.000000e+01; 9.999000e+03; 0.000000e+00; 8.000000e+00; 
8.000000e+00; 8.000000e+00; 5.000000e+01; 6.000000e+00; 6.000000e+00; 0.000000e+00; 0.000000e+00; 8.000000e+00; 8.000000e+00; 8.000000e+00; 8.000000e+00; 8.000000e+00; 8.000000e+00; 5.000000e+01; 0.000000e+00; 9.999000e+03; 8.000000e+00; 
5.000000e+00; 5.000000e+00; 2.600000e+01; 1.200000e+01; 1.200000e+01; 8.000000e+00; 8.000000e+00; 0.000000e+00; 0.000000e+00; 5.000000e+00; 5.000000e+00; 5.000000e+00; 5.000000e+00; 2.600000e+01; 8.000000e+00; 8.000000e+00; 9.999000e+03; 
Recursion step 1:
Costs:
0.000000e+00; 3.000000e+00; 5.000000e+00; 4.800000e+01; 8.000000e+00; 5.000000e+00; 
3.000000e+00; 0.000000e+00; 3.000000e+00; 4.800000e+01; 8.000000e+00; 5.000000e+00; 
5.000000e+00; 3.000000e+00; 0.000000e+00; 7.200000e+01; 4.800000e+01; 2.400000e+01; 
4.800000e+01; 4.800000e+01; 7.400000e+01; 0.000000e+00; 6.000000e+00; 1.200000e+01; 
8.000000e+00; 8.000000e+00; 5.000000e+01; 6.000000e+00; 0.000000e+00; 8.000000e+00; 
0.000000e+00; 0.000000e+00; 0.000000e+00; 0.000000e+00; 0.000000e+00; 0.000000e+00; 
Recursion step 2:
Costs:
0.000000e+00; 0.000000e+00; 
8.000000e+00; 0.000000e+00; 
