Recursion step 0:
Partitions:
0; 29; 
1; 40; 47; 
2; 38; 
3; 49; 
4; 22; 
5; 27; 
6; 30; 
7; 21; 
8; 24; 31; 
9; 34; 51; 
10; 15; 
11; 56; 
12; 39; 
13; 36; 
14; 33; 
16; 35; 
17; 43; 
18; 25; 
19; 52; 
20; 28; 
23; 57; 
26; 42; 
32; 44; 
37; 41; 
45; 55; 
46; 48; 50; 
53; 54; 
Recursion step 1:
Partitions:
0; 12; 8; 
1; 26; 
2; 19; 
3; 18; 
4; 21; 11; 
5; 15; 17; 
6; 23; 
7; 10; 
9; 25; 
13; 14; 
16; 20; 
22; 24; 
Recursion step 2:
Partitions:
0; 3; 10; 
1; 4; 
2; 7; 6; 
5; 8; 
9; 11; 
Recursion step 3:
