Recursion step 0:
Partitions:
0; 11; 
1; 2; 
3; 4; 
5; 6; 
7; 8; 
9; 10; 
12; 23; 
13; 14; 
15; 16; 
17; 18; 
19; 20; 
21; 22; 
24; 35; 
25; 26; 
27; 28; 
29; 30; 
31; 32; 
33; 34; 
36; 47; 
37; 38; 
39; 40; 
41; 42; 
43; 44; 
45; 46; 
48; 59; 
49; 50; 
51; 52; 
53; 54; 
55; 56; 
57; 58; 
60; 71; 
61; 62; 
63; 64; 
65; 66; 
67; 68; 
69; 70; 
72; 83; 
73; 74; 
75; 76; 
77; 78; 
79; 80; 
81; 82; 
84; 95; 
85; 86; 
87; 88; 
89; 90; 
91; 92; 
93; 94; 
96; 107; 
97; 98; 
99; 100; 
101; 102; 
103; 104; 
105; 106; 
108; 119; 
109; 110; 
111; 112; 
113; 114; 
115; 116; 
117; 118; 
120; 131; 
121; 122; 
123; 124; 
125; 126; 
127; 128; 
129; 130; 
132; 143; 
133; 134; 
135; 136; 
137; 138; 
139; 140; 
141; 142; 
144; 155; 
145; 146; 
147; 148; 
149; 150; 
151; 152; 
153; 154; 
156; 167; 
157; 158; 
159; 160; 
161; 162; 
163; 164; 
165; 166; 
168; 179; 
169; 170; 
171; 172; 
173; 174; 
175; 176; 
177; 178; 
Recursion step 1:
Partitions:
0; 76; 68; 
1; 70; 74; 69; 12; 51; 17; 63; 13; 48; 60; 36; 71; 39; 9; 46; 6; 52; 7; 75; 2; 86; 5; 56; 88; 58; 4; 64; 80; 
3; 87; 8; 38; 84; 16; 33; 20; 83; 21; 79; 22; 78; 44; 81; 62; 82; 
10; 40; 
11; 50; 
14; 89; 32; 15; 34; 85; 
18; 67; 
19; 53; 23; 57; 49; 
24; 42; 25; 54; 
26; 73; 35; 72; 28; 31; 27; 30; 77; 
29; 55; 43; 59; 47; 
37; 65; 41; 61; 
45; 66; 
Recursion step 2:
Partitions:
0; 5; 
1; 4; 9; 
2; 3; 
6; 7; 
8; 10; 
11; 12; 
Recursion step 3:
