Recursion step 0:
Partitions:
0; 11; 
1; 2; 
3; 4; 
5; 6; 
7; 8; 
9; 10; 
12; 23; 
13; 14; 
15; 16; 
17; 18; 
19; 20; 
21; 22; 
24; 35; 
25; 26; 
27; 28; 
29; 30; 
31; 32; 
33; 34; 
36; 47; 
37; 38; 
39; 40; 
41; 42; 
43; 44; 
45; 46; 
48; 59; 
49; 50; 
51; 52; 
53; 54; 
55; 56; 
57; 58; 
60; 71; 
61; 62; 
63; 64; 
65; 66; 
67; 68; 
69; 70; 
72; 83; 
73; 74; 
75; 76; 
77; 78; 
79; 80; 
81; 82; 
84; 95; 
85; 86; 
87; 88; 
89; 90; 
91; 92; 
93; 94; 
96; 107; 
97; 98; 
99; 100; 
101; 102; 
103; 104; 
105; 106; 
108; 119; 
109; 110; 
111; 112; 
113; 114; 
115; 116; 
117; 118; 
120; 131; 
121; 122; 
123; 124; 
125; 126; 
127; 128; 
129; 130; 
132; 143; 
133; 134; 
135; 136; 
137; 138; 
139; 140; 
141; 142; 
144; 155; 
145; 146; 
147; 148; 
149; 150; 
151; 152; 
153; 154; 
156; 167; 
157; 158; 
159; 160; 
161; 162; 
163; 164; 
165; 166; 
168; 179; 
169; 170; 
171; 172; 
173; 174; 
175; 176; 
177; 178; 
Recursion step 1:
Partitions:
0; 1; 2; 3; 4; 5; 
6; 11; 
7; 8; 
9; 10; 
12; 17; 16; 15; 14; 13; 
18; 23; 
19; 20; 
21; 22; 
24; 29; 
25; 26; 
27; 28; 
30; 35; 
31; 32; 
33; 34; 
36; 41; 40; 39; 38; 37; 
42; 43; 44; 45; 46; 47; 
48; 53; 
49; 50; 
51; 52; 
54; 59; 
55; 56; 
57; 58; 
60; 65; 64; 63; 62; 61; 
66; 67; 68; 69; 70; 71; 
72; 77; 
73; 74; 
75; 76; 
78; 83; 82; 81; 80; 79; 
84; 89; 88; 87; 86; 85; 
Recursion step 2:
Partitions:
0; 22; 27; 15; 4; 23; 14; 28; 
1; 3; 2; 
5; 7; 6; 
8; 9; 10; 
11; 12; 13; 
16; 17; 18; 
19; 20; 21; 
24; 26; 25; 
Recursion step 3:
