2145465166
2128681147
2143318637
2148022305
2151964987
2147988868
2148004219
2136006514
2132660851
2151344861
2143968454
2148014702
2144015949
2143999495
2148090844
2139968540
2151918530
2140001924
2147982702
2144008196
2147997027
2136026887
2143959866
2148002073
2144012881
2143983479
2152009884
2147986422
2148019581
2144004726
2143982255
2147982769
2144037175
2136823297
2139131863
2144032534
2151983505
2139997392
2147986532
2143999993
2148042868
2136709756
2147266956
2143987116
2144004141
2147998084
2147980485
2148017801
2148007481
2147978915
2144285999
2143712704
2147994119
2148003608
2140058725
2144294171
2151650250
2144013657
2143973484
2148015294
2140071345
2143895562
2139990412
2148023076
