2135735522
2131984847
2132020327
2126222298
2128099526
2131981389
2137686448
2130209140
2137778721
2134194942
2136056419
2133738828
2130222539
2133763835
2126254122
2141746677
2126265532
2133752467
2139987008
2139996174
2132007037
2130281295
2123916381
2128060262
2141766468
2132144660
2135807698
2132012454
2130169995
2128025946
2133784834
2135987414
2136011040
2134192714
2124175048
2127844153
2137771484
2130284273
2145737666
2134178412
2137828180
2134257322
2127995743
2137740064
2135998100
2139982787
2136001033
2136023434
2130263060
2131977867
2127982892
2132000913
2133734934
2136030720
2130161927
2128080980
2127937759
2141786696
2136102438
2130158823
2115967749
2127246546
2134538347
2126232587
