2139761741
2144030625
2131910787
2132006015
2130257477
2136036475
2139931010
2137783126
2122196851
2137773022
2136006192
2130273629
2129097371
2132643557
2127997419
2134262013
2132001136
2137735833
2130258220
2136035971
2135934944
2137740163
2130238817
2132110067
2133013355
2130851265
2132047197
2135975237
2133744036
2136056312
2144062694
2138204256
2133705412
2134265170
2145714989
2130303181
2133692495
2134310788
2132005624
2141680536
2135995713
2140025009
2130286113
2145682554
2140003504
2139979934
2148014721
2132040096
2126238106
2133752422
2130273114
2129693321
2130226170
2137754265
2126277846
2132029878
2131910656
2145779583
2132008332
2134295020
2145696422
2128035327
2134265963
2133714262
