2139490918
2132025299
2143954019
2139416924
2136631188
2139956044
2140014359
2139997127
2142332263
2141706448
2134279417
2137665939
2147988650
2134353958
2130957881
2132960209
2121740268
2144002608
2139986252
2134307210
2132004819
2145718015
2143942059
2138273255
2149739671
2136017239
2138261196
2137713483
2130328766
2137691980
2139997802
2139982546
2144042944
2143950342
2136017339
2143987117
2138337310
2136025762
2141677741
2138265048
2145681131
2136019465
2138252794
2128048933
2146040741
2137877012
2132040460
2140004385
2136017182
2137687291
2150836447
2135433365
2131953189
2129770561
2126305412
2141723609
2135955187
2136026163
2135981773
2127950607
2144053040
2126306178
2135926402
2136011391
