2138208479
2137519214
2146145521
2128199753
2137643492
2135996982
2144002063
2138293745
2145696556
2130335934
2145687983
2143974362
2123995821
2136004433
2140013339
2139964467
2138341016
2133673993
2130340058
2137652731
2136006380
2142221282
2137769835
2139993489
2138350324
2145647719
2147991361
2139998868
2138227575
2132084474
2137702307
2134300751
2141689975
2143992478
2130292625
2149702475
2144014133
2134381491
2133619341
2130385198
2137631366
2139987127
2135978333
2140029807
2135970043
2136002699
2140026042
2135957749
2140029117
2139980878
2130312411
2145702685
2139973178
2140032933
2143958401
2144006224
2136002669
2134324924
2141670833
2140006353
2147979386
2142277691
2124006536
2145796341
