2147643329
2143968081
2148013734
2143990716
2148030291
2143974740
2144012143
2147977783
2148006514
2148015877
2143976520
2144003155
2143993137
2148014344
2147994693
2148001230
2143972104
2148013373
2147999743
2144048589
2143960398
2144009797
2147978604
2144021894
2148014667
2144011298
2128624466
2147316847
2144011113
2147975719
2152031275
2144003937
2143997306
2147984915
2143992283
2148006320
2143980235
2144003615
2143995966
2144003675
2132035684
2143981027
2140005069
2139962884
2148069144
2143947958
2143982726
2148047282
2143958766
2132739977
2135250469
2148002628
2147997412
2144004960
2147989621
2144008802
2143998007
2147975011
2140011998
2147995310
2139986381
2144033038
2143994817
2139971669
