Recursion step 0:
Partitions:
0; 40; 
1; 53; 
2; 82; 
3; 34; 
4; 10; 
5; 101; 
6; 25; 
7; 107; 17; 
8; 56; 
9; 13; 
11; 86; 
12; 66; 95; 
14; 28; 
15; 127; 
16; 30; 33; 
18; 26; 99; 
19; 117; 
20; 32; 
21; 22; 
23; 115; 
24; 47; 
27; 114; 
29; 58; 
31; 112; 
35; 83; 118; 
36; 92; 
37; 91; 105; 
38; 70; 
39; 46; 
41; 43; 
42; 103; 
44; 75; 
45; 79; 
48; 57; 
49; 129; 
50; 59; 
51; 73; 74; 
52; 119; 
54; 121; 
55; 64; 
60; 108; 
61; 104; 
62; 67; 
63; 68; 
65; 84; 
69; 96; 
71; 90; 
72; 98; 
76; 80; 102; 
77; 120; 
78; 94; 
81; 100; 
85; 87; 
88; 93; 
89; 124; 
97; 109; 
106; 126; 
110; 122; 
111; 116; 
113; 125; 
123; 128; 
Recursion step 1:
Partitions:
0; 13; 
1; 3; 
2; 59; 7; 
4; 31; 
5; 38; 
6; 45; 
8; 39; 
9; 11; 
10; 48; 
12; 50; 19; 
14; 15; 
16; 32; 
17; 25; 
18; 28; 
20; 42; 
21; 58; 41; 
22; 49; 
23; 24; 
26; 33; 
27; 34; 
29; 35; 
30; 56; 
36; 47; 
37; 46; 
40; 60; 
43; 52; 
44; 54; 
51; 57; 
53; 55; 
Recursion step 2:
Partitions:
0; 15; 
1; 11; 
2; 19; 
3; 24; 
4; 7; 20; 
5; 25; 
6; 22; 
8; 9; 
10; 21; 
12; 13; 
14; 28; 
16; 26; 
17; 27; 
18; 23; 
Recursion step 3:
Partitions:
0; 11; 2; 
1; 9; 
3; 5; 
4; 13; 
6; 12; 7; 
8; 10; 
Recursion step 4:
