Recursion step 0:
Partitions:
0; 33; 86; 
1; 36; 
2; 61; 
3; 103; 
4; 106; 
5; 27; 
6; 83; 
7; 88; 
8; 41; 
9; 112; 
10; 147; 
11; 23; 
12; 105; 
13; 79; 
14; 77; 
15; 58; 132; 
16; 65; 
17; 141; 
18; 98; 
19; 24; 
20; 43; 
21; 124; 148; 
22; 37; 
25; 74; 
26; 30; 
28; 85; 
29; 95; 
31; 130; 
32; 125; 51; 
34; 92; 
35; 60; 
38; 56; 40; 
39; 138; 
42; 66; 
44; 70; 
45; 89; 
46; 119; 
47; 62; 
48; 146; 
49; 134; 
50; 108; 
52; 117; 
53; 91; 
54; 57; 
55; 145; 
59; 129; 
63; 135; 111; 
64; 84; 
67; 127; 
68; 126; 
69; 107; 
71; 144; 
72; 75; 
73; 122; 
76; 121; 
78; 120; 
80; 109; 
81; 94; 
82; 140; 
87; 93; 
90; 118; 
96; 123; 
97; 102; 
99; 142; 
100; 115; 
101; 113; 
104; 110; 
114; 149; 
116; 139; 
128; 143; 
131; 136; 
133; 137; 
Recursion step 1:
Partitions:
0; 52; 62; 
1; 5; 8; 
2; 21; 
3; 34; 
4; 57; 63; 
6; 7; 26; 
9; 37; 
10; 49; 30; 
11; 41; 
12; 46; 53; 
13; 54; 
14; 15; 
16; 45; 68; 
17; 47; 
18; 65; 
19; 56; 
20; 67; 
22; 27; 
23; 44; 
24; 69; 
25; 50; 
28; 66; 
29; 61; 
31; 64; 
32; 36; 
33; 40; 
35; 71; 42; 
38; 51; 
39; 70; 
43; 58; 
48; 60; 
55; 59; 
Recursion step 2:
Partitions:
0; 5; 6; 
1; 24; 
2; 31; 
3; 16; 
4; 22; 
7; 12; 
8; 25; 
9; 30; 
10; 11; 
13; 18; 
14; 20; 28; 
15; 29; 
17; 23; 
19; 27; 
21; 26; 
Recursion step 3:
Partitions:
0; 4; 
1; 6; 
2; 3; 
5; 12; 
7; 13; 
8; 14; 
9; 10; 11; 
Recursion step 4:
