5599634898
5612009689
5599993124
5592101970
5591876329
5624008278
5624009153
5611974635
5588017779
5608312239
5595674701
5592035633
5599981128
5612006683
5603983432
5603981870
5580025908
5584003399
5600022597
5607964918
5616011459
5607987132
5620002089
5607968689
5616025656
5611981591
5616024467
5615977236
5608310031
5595713163
5623984566
5607993670
5600008088
5611986400
5624012861
5595998235
5604018409
5603982917
5607985684
5607999944
5607984856
5604041322
5607957822
5608002406
5616012785
5623990928
5604026731
5608002993
5595985082
5603976052
5584039860
5603971720
5616001060
5612000624
5603990680
5619977604
5596032114
5612008211
5608004759
5612002193
5604017161
5603986347
5607970988
5623986003
