Recursion step 0:
Partitions:
0; 1; 6; 
2; 5; 
3; 4; 
7; 8; 
9; 10; 
11; 12; 
13; 14; 
15; 16; 
17; 18; 
19; 20; 
21; 22; 
23; 24; 
25; 26; 
27; 29; 28; 
30; 37; 
31; 36; 35; 
32; 33; 
34; 38; 
39; 40; 
41; 42; 
43; 54; 
44; 53; 
45; 51; 
46; 50; 
47; 49; 
48; 62; 
52; 61; 
55; 58; 59; 
56; 57; 
60; 65; 
63; 77; 
64; 80; 
66; 69; 
67; 71; 
68; 70; 
72; 83; 
73; 82; 
74; 81; 
75; 76; 
78; 79; 
84; 99; 85; 
86; 98; 
87; 97; 
88; 96; 
89; 95; 
90; 91; 
92; 93; 94; 100; 101; 
102; 103; 
104; 113; 
105; 106; 
107; 108; 
109; 110; 
111; 112; 
114; 115; 116; 120; 121; 
117; 119; 118; 
122; 138; 137; 123; 
124; 125; 168; 
126; 169; 
127; 128; 
129; 130; 
131; 132; 
133; 139; 
134; 135; 
136; 143; 
140; 142; 
141; 146; 
144; 145; 
147; 148; 151; 161; 160; 159; 152; 
149; 150; 
153; 154; 
155; 156; 
157; 158; 
162; 163; 
164; 165; 
166; 167; 
170; 171; 
172; 173; 
174; 175; 
176; 180; 
177; 179; 
178; 193; 
181; 182; 
183; 184; 
185; 186; 
187; 190; 
188; 189; 
191; 192; 
194; 197; 
195; 196; 
Recursion step 1:
Partitions:
0; 1; 2; 
3; 5; 4; 
6; 7; 18; 
8; 10; 9; 
11; 12; 
13; 16; 
14; 15; 
17; 23; 
19; 28; 
20; 27; 
21; 29; 
22; 26; 31; 
24; 25; 
30; 38; 
32; 33; 
34; 40; 
35; 41; 
36; 37; 42; 
39; 45; 
43; 44; 
46; 47; 
48; 52; 
49; 51; 
50; 74; 
53; 54; 
55; 56; 
57; 58; 
59; 60; 
61; 62; 64; 
63; 75; 
65; 67; 
66; 68; 
69; 71; 70; 
72; 73; 
76; 77; 
78; 81; 
79; 82; 80; 
83; 86; 
84; 85; 
87; 88; 
Recursion step 2:
Partitions:
0; 1; 
2; 6; 5; 
3; 4; 
7; 12; 
8; 15; 
9; 14; 16; 
10; 11; 
13; 18; 
17; 19; 
20; 21; 
22; 23; 
24; 25; 
26; 27; 
28; 29; 
30; 32; 
31; 33; 
34; 35; 
36; 39; 
37; 38; 
Recursion step 3:
Partitions:
0; 4; 5; 8; 6; 7; 3; 2; 1; 
9; 10; 
11; 12; 
13; 14; 15; 
16; 18; 17; 
Recursion step 4:
