5641738581
5639979450
5627987531
5631995125
5624019228
5647984123
5676053693
5711952555
5675987533
5636006273
5660005237
5624323883
5647686092
5632013358
5627975684
5656018915
5647955023
5652054624
5623958151
5656183850
5643841553
5623988281
5604015835
5615963938
5624003318
5620007346
5620055784
5623916400
5620018063
5608008768
5620003170
5611983758
5619992609
5628012452
5616033226
5623960383
5616006146
5620013718
5631955114
5620028923
5627984404
5611997454
5623986648
5624013354
5620050558
5619954066
5615989880
5624041904
5623948611
5624040268
5611965404
5623976764
5620009357
5624003697
5612073809
5619921786
5635998512
5624014341
5596924194
5623193990
5627876702
5644002075
5631991595
5648005010
