5599654417
5623988621
5599971005
5608031378
5619987609
5603979654
5608339815
5607674753
5607968579
5616013577
5608060621
5615960426
5607989004
5607987664
5616015881
5619980735
5624017323
5603992300
5608004475
5587983969
5580914783
5595068061
5616053404
5587951293
5612009089
5596453701
5611545488
5616006931
5612003329
5611974907
5588004938
5592003570
5619989196
5591996734
5620004578
5620054523
5603932583
5608016513
5627993208
5620072109
5615903663
5600032372
5607995260
5616015446
5599984389
5607993262
5608015637
5595976585
5604301147
5595690352
5600021311
5604012918
5599981224
5631994937
5616002283
5631995364
5603974356
5628004276
5632010900
5604019474
5608028087
5603957935
5624018768
5599959088
