5638035513
5627997040
5635990140
5684116148
5635902969
5631996604
5651984691
5627999281
5656029594
5663987269
5679959574
5648011924
5692079765
5655937110
5643987163
5660003656
5655986830
5636364489
5639637563
5632001407
5624179755
5659813850
5627997355
5615987666
5628009824
5612884034
5647154201
5635964033
5628010483
5639982957
5627993667
5656005779
5628000171
5627992526
5644006067
5623985281
5672026719
5684012957
5671961759
5660007030
5632031086
5631967913
5640013787
5647979116
5644004425
5627981214
5640011993
5660014107
5620916263
5627037315
5624057763
5632055694
5647888359
5632017948
5647974059
5640041687
5648012259
5631970716
5632017814
5647976161
5619997467
5619984234
5616005065
5636001965
