5952966827
5894736351
5924007194
5923982260
5932000190
5920007253
5955995211
5967994535
5936005300
5935979342
5908004703
5924229776
5971817764
5931961122
5932038068
5919993484
5949567265
5936069197
5930332028
5939973246
5929590594
5918475170
5927950196
5931984028
5916005797
5907992256
5931998134
5889928392
5922074810
5908109260
5927882793
5939988637
5921590116
5926444956
5907971605
5928266201
5939762084
5915973665
5903999945
5912031989
5931975817
5913587535
5914399638
5915238708
5944744763
5897609521
5958440617
5949620623
5934320610
5916027421
5904001318
5967962957
5940039402
5911959137
5924038738
5939984580
5932040861
5928023836
5923926348
5916016882
5924036821
5929506547
5900048178
5923989949
