6028681412
5982704544
5960005713
5932013455
5943969831
5952003983
5942314168
5957668261
5917628868
5978420765
5936288592
5971690629
5943980279
5960010005
5968009957
5916014125
5971982413
5963978677
5959980496
5941556108
5942483431
5939996863
5977562631
5974416134
5932705488
5955292696
5936008639
5943977857
5955995637
5992015254
5928024838
5975979180
5951967688
5952147544
5963886962
5967983794
5967998348
5948022954
5980003280
5956069258
5991894750
5951991637
5980031369
5940188247
5943769799
5941587636
5939978721
5966425783
5936019539
5964038056
6260032916
6244304477
6015648215
5959982004
5915980178
5968055842
5935941058
5944001746
5928032366
6003979559
5919975858
5932020755
5940042043
5935954834
