Recursion step 0:
Partitions:
0; 1; 2; 
3; 5; 4; 
6; 7; 
8; 9; 
10; 11; 
12; 13; 
14; 15; 
16; 17; 
18; 19; 
20; 223; 234; 
21; 23; 22; 
24; 428; 
25; 398; 
26; 27; 
28; 30; 29; 
31; 32; 
33; 34; 
35; 37; 36; 
38; 39; 
40; 41; 
42; 43; 45; 
44; 46; 
47; 48; 49; 
50; 51; 
52; 56; 
53; 55; 
54; 64; 
57; 59; 58; 
60; 62; 61; 
63; 83; 
65; 66; 
67; 69; 68; 
70; 71; 
72; 73; 
74; 75; 
76; 95; 78; 
77; 79; 80; 
81; 82; 
84; 85; 
86; 115; 
87; 88; 89; 
90; 93; 
91; 92; 
94; 99; 104; 
96; 100; 97; 
98; 105; 
101; 109; 
102; 103; 
106; 116; 
107; 111; 
108; 117; 110; 
112; 118; 
113; 114; 
119; 122; 
120; 121; 125; 
123; 140; 
124; 128; 131; 
126; 130; 
127; 138; 
129; 133; 
132; 134; 
135; 136; 
137; 141; 139; 
142; 150; 
143; 149; 
144; 145; 
146; 147; 
148; 154; 
151; 153; 
152; 163; 167; 
155; 159; 
156; 157; 164; 
158; 161; 
160; 162; 
165; 166; 
168; 171; 
169; 170; 172; 
173; 175; 
174; 180; 
176; 182; 
177; 195; 
178; 184; 
179; 193; 
181; 183; 
185; 188; 
186; 190; 
187; 191; 
189; 200; 
192; 194; 
196; 197; 
198; 204; 
199; 203; 
201; 202; 
205; 207; 
206; 218; 
208; 215; 
209; 224; 
210; 217; 
211; 216; 212; 
213; 225; 
214; 221; 
219; 220; 
222; 230; 
226; 232; 
227; 233; 228; 
229; 235; 
231; 236; 
237; 244; 
238; 253; 
239; 297; 
240; 266; 
241; 255; 242; 
243; 256; 
245; 258; 257; 
246; 259; 
247; 248; 
249; 250; 262; 
251; 263; 
252; 264; 
254; 267; 
260; 261; 
265; 300; 268; 
269; 274; 273; 
270; 272; 277; 
271; 275; 
276; 304; 
278; 289; 290; 279; 
280; 291; 
281; 282; 293; 292; 
283; 294; 284; 
285; 286; 
287; 301; 
288; 305; 
295; 307; 
296; 316; 324; 
298; 309; 
299; 302; 
303; 317; 
306; 314; 
308; 313; 
310; 318; 323; 
311; 312; 
315; 319; 
320; 326; 332; 
321; 328; 
322; 329; 
325; 344; 
327; 338; 331; 
330; 343; 
333; 341; 
334; 361; 
335; 350; 
336; 349; 356; 342; 
337; 345; 352; 
339; 355; 
340; 351; 
346; 360; 
347; 371; 
348; 357; 
353; 365; 
354; 366; 375; 362; 
358; 374; 
359; 373; 
363; 376; 388; 380; 367; 
364; 377; 
368; 369; 370; 
372; 383; 400; 393; 378; 
379; 386; 
381; 390; 397; 
382; 399; 
384; 391; 
385; 392; 
387; 409; 
389; 410; 396; 
394; 427; 
395; 408; 
401; 402; 418; 419; 
403; 417; 
404; 416; 415; 
405; 414; 
406; 413; 407; 
411; 412; 
420; 425; 
421; 422; 
423; 424; 431; 
426; 489; 
429; 488; 
430; 442; 
432; 444; 443; 
433; 445; 446; 434; 
435; 447; 448; 
436; 437; 
438; 450; 451; 
439; 452; 453; 440; 
441; 454; 
449; 482; 
455; 485; 
456; 461; 
457; 460; 
458; 459; 
462; 464; 
463; 465; 
466; 469; 
467; 468; 
470; 471; 
472; 480; 
473; 474; 
475; 478; 
476; 479; 477; 
481; 492; 
483; 484; 
486; 487; 
490; 491; 
Recursion step 1:
Partitions:
0; 1; 
2; 4; 3; 
5; 6; 
7; 8; 
9; 121; 
10; 15; 
11; 183; 
12; 170; 
13; 14; 
16; 18; 17; 
19; 21; 20; 
22; 23; 
24; 25; 
26; 27; 
28; 29; 
30; 31; 
32; 33; 
34; 35; 
36; 37; 
38; 39; 
40; 45; 44; 
41; 42; 
43; 49; 
46; 52; 
47; 50; 
48; 51; 
53; 57; 
54; 58; 
55; 69; 
56; 65; 
59; 62; 
60; 61; 
63; 71; 
64; 66; 
67; 68; 
70; 74; 72; 
73; 76; 
75; 83; 
77; 82; 
78; 87; 
79; 99; 80; 
81; 84; 89; 
85; 91; 86; 
88; 90; 
92; 98; 
93; 97; 
94; 101; 
95; 96; 
100; 105; 
102; 104; 
103; 107; 
106; 117; 
108; 118; 
109; 125; 
110; 123; 
111; 112; 
113; 114; 
115; 120; 116; 
119; 124; 
122; 131; 
126; 127; 
128; 141; 
129; 133; 130; 
132; 139; 143; 
134; 155; 
135; 145; 137; 
136; 140; 
138; 142; 147; 
144; 161; 
146; 149; 
148; 154; 
150; 212; 
151; 160; 
152; 158; 
153; 164; 162; 
156; 157; 
159; 166; 
163; 175; 
165; 173; 168; 
167; 172; 
169; 171; 
174; 185; 
176; 177; 
178; 179; 
180; 181; 
182; 186; 
184; 187; 
188; 199; 
189; 190; 
191; 195; 
192; 193; 
194; 196; 
197; 201; 
198; 200; 
202; 204; 203; 
205; 208; 
206; 207; 209; 
210; 211; 
Recursion step 2:
Partitions:
0; 1; 
2; 3; 
4; 47; 
5; 9; 8; 
6; 7; 
10; 11; 
12; 13; 
14; 19; 
15; 18; 16; 
17; 20; 
21; 23; 
22; 25; 
24; 28; 
26; 31; 
27; 29; 
30; 33; 
32; 40; 
34; 35; 
36; 39; 
37; 45; 
38; 41; 
42; 43; 
44; 46; 
48; 49; 
50; 55; 
51; 52; 
53; 58; 
54; 65; 
56; 57; 
59; 67; 
60; 61; 
62; 66; 
63; 68; 
64; 73; 
69; 78; 
70; 72; 
71; 75; 
74; 80; 
76; 81; 85; 
77; 86; 
79; 82; 
83; 84; 
87; 88; 89; 90; 91; 95; 94; 
92; 93; 
96; 97; 
Recursion step 3:
Partitions:
0; 5; 3; 
1; 6; 
2; 18; 
4; 43; 
7; 8; 
9; 11; 
10; 13; 
12; 21; 16; 
14; 15; 
17; 20; 
19; 22; 
23; 24; 
25; 28; 
26; 34; 
27; 33; 
29; 36; 
30; 31; 35; 40; 41; 37; 32; 
38; 44; 
39; 42; 
Recursion step 4:
Partitions:
0; 3; 
1; 4; 
2; 9; 
5; 8; 6; 
7; 10; 
11; 12; 
13; 14; 
15; 17; 
16; 18; 
Recursion step 5:
