Recursion step 0:
Partitions:
0; 2; 1; 
3; 4; 
5; 6; 
7; 9; 
8; 10; 
11; 12; 
13; 16; 17; 
14; 15; 
18; 19; 
20; 28; 
21; 24; 
22; 29; 
23; 440; 
25; 26; 
27; 30; 
31; 37; 
32; 33; 
34; 469; 
35; 36; 
38; 43; 
39; 41; 
40; 50; 
42; 46; 
44; 45; 
47; 51; 
48; 55; 
49; 54; 
52; 57; 
53; 64; 60; 
56; 62; 
58; 70; 
59; 69; 
61; 66; 
63; 68; 
65; 72; 
67; 82; 
71; 80; 
73; 77; 
74; 84; 
75; 81; 
76; 83; 
78; 79; 
85; 103; 
86; 99; 92; 
87; 88; 95; 
89; 94; 
90; 104; 
91; 97; 
93; 98; 
96; 100; 
101; 116; 
102; 115; 
105; 121; 
106; 112; 122; 
107; 111; 
108; 109; 
110; 123; 
113; 119; 
114; 118; 
117; 141; 
120; 147; 
124; 127; 
125; 135; 
126; 504; 
128; 130; 129; 
131; 138; 
132; 140; 
133; 136; 
134; 146; 
137; 142; 
139; 148; 
143; 150; 153; 
144; 145; 
149; 154; 
151; 167; 
152; 175; 
155; 168; 
156; 163; 
157; 165; 
158; 166; 
159; 160; 
161; 170; 
162; 164; 
169; 171; 
172; 185; 178; 
173; 183; 
174; 193; 
176; 192; 188; 
177; 179; 184; 
180; 186; 
181; 187; 
182; 189; 
190; 196; 
191; 195; 
194; 200; 
197; 199; 198; 
201; 202; 
203; 205; 
204; 215; 
206; 218; 
207; 219; 
208; 214; 
209; 217; 
210; 235; 231; 
211; 244; 233; 
212; 213; 
216; 222; 
220; 230; 
221; 232; 241; 
223; 228; 243; 
224; 226; 
225; 236; 
227; 252; 
229; 580; 
234; 240; 
237; 269; 
238; 239; 
242; 250; 
245; 265; 
246; 257; 
247; 251; 
248; 254; 
249; 272; 
253; 271; 261; 
255; 259; 284; 
256; 267; 
258; 266; 
260; 268; 
262; 289; 
263; 264; 
270; 276; 
273; 280; 
274; 286; 283; 
275; 287; 
277; 291; 
278; 281; 
279; 592; 
282; 285; 
288; 293; 
290; 298; 
292; 294; 
295; 301; 302; 
296; 297; 
299; 303; 
300; 310; 
304; 305; 312; 
306; 331; 
307; 317; 
308; 309; 
311; 327; 
313; 328; 
314; 315; 
316; 329; 
318; 333; 
319; 330; 
320; 326; 
321; 325; 
322; 335; 
323; 340; 346; 
324; 334; 
332; 338; 
336; 343; 354; 
337; 356; 
339; 359; 
341; 345; 347; 
342; 348; 349; 
344; 353; 
350; 365; 
351; 357; 
352; 363; 
355; 360; 
358; 373; 
361; 372; 
362; 367; 
364; 370; 
366; 368; 
369; 387; 
371; 399; 390; 
374; 376; 
375; 380; 
377; 386; 
378; 396; 
379; 384; 
381; 393; 383; 
382; 392; 
385; 395; 
388; 397; 
389; 400; 
391; 398; 
394; 403; 
401; 405; 
402; 406; 
404; 415; 
407; 433; 412; 
408; 622; 
409; 416; 
410; 414; 431; 424; 419; 
411; 417; 
413; 425; 
418; 428; 
420; 438; 437; 
421; 439; 
422; 436; 
423; 432; 
426; 427; 
429; 434; 
430; 435; 
441; 443; 
442; 449; 
444; 445; 
446; 447; 
448; 453; 
450; 452; 
451; 454; 
455; 460; 
456; 473; 
457; 459; 
458; 464; 
461; 465; 
462; 463; 
466; 468; 
467; 470; 
471; 483; 
472; 482; 
474; 475; 
476; 477; 
478; 479; 
480; 481; 
484; 489; 
485; 486; 490; 
487; 488; 493; 
491; 497; 494; 
492; 495; 
496; 498; 
499; 502; 
500; 501; 
503; 507; 
505; 506; 
508; 509; 
510; 511; 
512; 513; 
514; 515; 
516; 518; 517; 
519; 520; 
521; 527; 
522; 524; 
523; 529; 
525; 526; 
528; 559; 
530; 533; 
531; 532; 
534; 535; 
536; 537; 
538; 539; 
540; 541; 
542; 543; 
544; 546; 545; 
547; 548; 
549; 550; 
551; 556; 
552; 628; 
553; 558; 
554; 555; 
557; 566; 
560; 564; 
561; 562; 
563; 565; 
567; 570; 
568; 571; 569; 
572; 626; 
573; 574; 
575; 579; 656; 
576; 577; 
578; 582; 
581; 586; 
583; 584; 
585; 588; 587; 
589; 595; 
590; 593; 
591; 596; 
594; 597; 602; 
598; 600; 
599; 603; 
601; 608; 
604; 609; 
605; 606; 
607; 610; 
611; 612; 
613; 619; 
614; 621; 623; 
615; 616; 617; 
618; 620; 
624; 625; 
627; 653; 
629; 630; 
631; 633; 632; 
634; 635; 
636; 637; 
638; 639; 
640; 642; 641; 
643; 644; 
645; 646; 
647; 648; 
649; 652; 
650; 651; 
654; 655; 
Recursion step 1:
Partitions:
0; 1; 
2; 41; 
3; 4; 5; 
6; 9; 
7; 10; 
8; 209; 
11; 14; 
12; 13; 
15; 17; 
16; 18; 
19; 22; 
20; 23; 
21; 26; 
24; 29; 
25; 27; 
28; 33; 
30; 32; 
31; 34; 
35; 40; 45; 
36; 39; 
37; 38; 
42; 57; 
43; 46; 
44; 55; 
47; 51; 48; 
49; 54; 
50; 66; 
52; 53; 
56; 68; 
58; 78; 
59; 65; 77; 
60; 70; 
61; 237; 
62; 63; 
64; 69; 
67; 80; 
71; 79; 
72; 75; 
73; 88; 
74; 87; 
76; 84; 
81; 83; 
82; 92; 
85; 94; 
86; 97; 91; 
89; 90; 
93; 95; 
96; 267; 
98; 111; 
99; 102; 
100; 101; 
103; 115; 
104; 132; 125; 
105; 106; 
107; 116; 
108; 120; 
109; 110; 117; 
112; 127; 
113; 119; 274; 
114; 129; 123; 
118; 137; 
121; 133; 
122; 134; 
124; 130; 
126; 136; 
128; 139; 
131; 142; 
135; 141; 
138; 143; 
140; 148; 
144; 155; 
145; 153; 149; 
146; 162; 
147; 157; 
150; 160; 
151; 152; 
154; 161; 
156; 165; 
158; 159; 
163; 169; 
164; 172; 
166; 173; 
167; 180; 176; 
168; 171; 
170; 183; 
174; 186; 
175; 178; 
177; 200; 195; 
179; 199; 
181; 185; 
182; 189; 
184; 197; 
187; 188; 
190; 196; 203; 
191; 198; 
192; 201; 
193; 205; 
194; 204; 
202; 206; 
207; 210; 
208; 217; 
211; 213; 212; 
214; 215; 216; 
218; 221; 
219; 220; 
222; 223; 
224; 225; 226; 
227; 229; 
228; 230; 
231; 233; 
232; 234; 
235; 236; 
238; 239; 248; 
240; 241; 242; 
243; 244; 
245; 247; 
246; 250; 249; 
251; 252; 
253; 254; 
255; 258; 
256; 257; 
259; 263; 
260; 265; 
261; 262; 
264; 266; 
268; 269; 
270; 273; 
271; 276; 
272; 275; 
277; 281; 
278; 284; 282; 
279; 280; 
283; 286; 285; 
287; 289; 
288; 292; 
290; 291; 
293; 305; 
294; 304; 
295; 296; 
297; 298; 299; 
300; 301; 
302; 303; 
Recursion step 2:
Partitions:
0; 2; 
1; 30; 
3; 4; 
5; 99; 
6; 7; 
8; 104; 
9; 11; 15; 
10; 16; 
12; 14; 17; 
13; 19; 
18; 105; 
20; 24; 
21; 29; 
22; 31; 
23; 109; 
25; 28; 39; 36; 27; 
26; 34; 
32; 33; 37; 
35; 112; 
38; 41; 
40; 42; 
43; 47; 
44; 53; 
45; 46; 
48; 61; 
49; 54; 
50; 63; 56; 
51; 65; 
52; 62; 
55; 57; 
58; 64; 
59; 68; 
60; 67; 
66; 72; 
69; 77; 
70; 71; 
73; 78; 
74; 79; 
75; 81; 
76; 84; 
80; 87; 
82; 93; 
83; 89; 
85; 98; 
86; 90; 
88; 91; 
92; 95; 
94; 96; 
97; 135; 
100; 101; 
102; 103; 
106; 114; 
107; 108; 113; 
110; 111; 
115; 116; 
117; 118; 
119; 120; 
121; 123; 
122; 124; 
125; 136; 
126; 127; 128; 
129; 132; 
130; 131; 
133; 134; 
137; 141; 
138; 139; 140; 
Recursion step 3:
Partitions:
0; 6; 
1; 16; 
2; 8; 
3; 4; 
5; 7; 9; 
10; 14; 
11; 12; 
13; 19; 
15; 17; 
18; 53; 
20; 23; 
21; 22; 
24; 31; 
25; 27; 
26; 29; 
28; 32; 
30; 61; 33; 
34; 36; 40; 46; 43; 
35; 41; 42; 
37; 38; 
39; 45; 
44; 47; 
48; 63; 
49; 50; 
51; 52; 
54; 55; 
56; 57; 
58; 59; 
60; 62; 
64; 65; 
Recursion step 4:
Partitions:
0; 1; 
2; 3; 
4; 23; 
5; 8; 
6; 7; 
9; 11; 
10; 13; 
12; 17; 
14; 18; 
15; 19; 
16; 22; 28; 
20; 21; 
24; 25; 
26; 29; 27; 
Recursion step 5:
