Recursion step 0:
Partitions:
0; 68; 
1; 56; 
2; 78; 76; 
3; 53; 
4; 83; 
5; 88; 
6; 47; 81; 
7; 45; 
8; 50; 
9; 61; 
10; 18; 
11; 25; 
12; 93; 
13; 43; 
14; 42; 
15; 60; 
16; 44; 
17; 51; 
19; 65; 
20; 72; 71; 
21; 40; 
22; 55; 
23; 28; 
24; 54; 
26; 27; 
29; 69; 
30; 87; 
31; 62; 89; 
32; 80; 
33; 77; 
34; 70; 64; 
35; 46; 
36; 97; 
37; 85; 
38; 66; 
39; 57; 
41; 86; 
48; 63; 
49; 75; 
52; 100; 
58; 91; 
59; 82; 
67; 79; 
73; 74; 
84; 92; 
90; 99; 
94; 96; 
95; 98; 
Recursion step 1:
Partitions:
0; 25; 27; 9; 26; 
1; 36; 14; 
2; 38; 
3; 23; 
4; 41; 
5; 17; 
6; 31; 
7; 16; 
8; 28; 29; 
10; 37; 
11; 35; 
12; 46; 
13; 33; 
15; 44; 
18; 30; 
19; 43; 20; 
21; 34; 
22; 42; 
24; 39; 
32; 45; 
40; 47; 
Recursion step 2:
Partitions:
0; 5; 
1; 15; 
2; 17; 
3; 16; 
4; 7; 
6; 9; 
8; 14; 
10; 18; 
11; 20; 
12; 13; 19; 
Recursion step 3:
Partitions:
0; 7; 
1; 3; 
2; 6; 
4; 5; 
8; 9; 
Recursion step 4:
