Recursion step 0:
Partitions:
0; 68; 
1; 56; 
2; 78; 76; 
3; 53; 
4; 83; 
5; 88; 
6; 47; 81; 
7; 45; 
8; 50; 
9; 61; 
10; 18; 
11; 25; 
12; 93; 
13; 43; 
14; 42; 
15; 60; 
16; 44; 
17; 51; 
19; 65; 
20; 72; 71; 
21; 40; 
22; 55; 
23; 28; 
24; 54; 
26; 27; 
29; 69; 
30; 87; 
31; 62; 89; 
32; 80; 
33; 77; 
34; 70; 64; 
35; 46; 
36; 97; 
37; 85; 
38; 66; 
39; 57; 
41; 86; 
48; 63; 
49; 75; 
52; 100; 
58; 91; 
59; 82; 
67; 79; 
73; 74; 
84; 92; 
90; 99; 
94; 96; 
95; 98; 
Recursion step 1:
Partitions:
0; 38; 
1; 14; 
2; 28; 29; 
3; 23; 
4; 16; 7; 6; 17; 41; 
5; 12; 
8; 30; 
9; 26; 
10; 27; 
11; 35; 
13; 33; 15; 
18; 25; 
19; 43; 20; 
21; 34; 
22; 42; 
24; 39; 
31; 37; 
32; 45; 
36; 46; 
40; 44; 47; 
Recursion step 2:
Partitions:
0; 2; 
1; 5; 18; 
3; 14; 
4; 16; 
6; 11; 
7; 8; 
9; 15; 
10; 19; 17; 
12; 13; 
Recursion step 3:
Partitions:
0; 4; 
1; 7; 
2; 6; 8; 
3; 5; 
Recursion step 4:
Partitions:
0; 2; 
1; 3; 
Recursion step 5:
