Recursion step 0:
Costs:
0.000000e+00; 1.200000e+01; 1.900000e+01; 3.100000e+01; 2.200000e+01; 1.600000e+01; 2.200000e+01; 1.100000e+01; 2.400000e+01; 3.400000e+01; 1.200000e+01; 2.000000e+01; 4.100000e+01; 2.600000e+01; 3.600000e+01; 1.800000e+01; 3.000000e+01; 2.700000e+01; 4.500000e+01; 2.000000e+01; 2.600000e+01; 7.000000e+00; 2.100000e+01; 2.900000e+01; 3.300000e+01; 1.800000e+01; 8.000000e+00; 1.600000e+01; 2.100000e+01; 3.200000e+01; 1.700000e+01; 6.000000e+00; 4.200000e+01; 3.000000e+01; 2.700000e+01; 3.100000e+01; 3.000000e+01; 1.800000e+01; 4.300000e+01; 5.600000e+01; 4.400000e+01; 4.400000e+01; 3.400000e+01; 3.700000e+01; 4.200000e+01; 1.300000e+01; 2.300000e+01; 1.200000e+01; 2.600000e+01; 2.400000e+01; 1.300000e+01; 
1.200000e+01; 0.000000e+00; 1.500000e+01; 3.700000e+01; 2.100000e+01; 2.800000e+01; 3.400000e+01; 2.200000e+01; 1.600000e+01; 2.800000e+01; 1.000000e+01; 2.400000e+01; 5.000000e+01; 3.700000e+01; 3.500000e+01; 8.000000e+00; 3.400000e+01; 3.500000e+01; 5.000000e+01; 1.200000e+01; 1.400000e+01; 1.000000e+01; 3.300000e+01; 4.100000e+01; 4.300000e+01; 2.900000e+01; 1.900000e+01; 1.800000e+01; 9.000000e+00; 2.300000e+01; 2.300000e+01; 1.100000e+01; 3.900000e+01; 2.000000e+01; 1.900000e+01; 2.400000e+01; 3.100000e+01; 1.400000e+01; 3.500000e+01; 6.100000e+01; 5.000000e+01; 4.800000e+01; 4.600000e+01; 3.800000e+01; 4.000000e+01; 1.900000e+01; 2.900000e+01; 2.400000e+01; 2.100000e+01; 1.300000e+01; 2.100000e+01; 
1.900000e+01; 1.500000e+01; 0.000000e+00; 4.900000e+01; 3.600000e+01; 3.500000e+01; 3.500000e+01; 2.100000e+01; 3.100000e+01; 4.300000e+01; 2.500000e+01; 3.800000e+01; 6.100000e+01; 4.500000e+01; 5.000000e+01; 2.300000e+01; 4.800000e+01; 4.600000e+01; 6.400000e+01; 7.000000e+00; 2.400000e+01; 1.200000e+01; 3.600000e+01; 4.500000e+01; 5.100000e+01; 2.500000e+01; 2.700000e+01; 9.000000e+00; 1.700000e+01; 3.700000e+01; 1.500000e+01; 2.200000e+01; 5.400000e+01; 3.200000e+01; 1.000000e+01; 1.200000e+01; 4.600000e+01; 2.900000e+01; 4.900000e+01; 7.400000e+01; 6.300000e+01; 6.200000e+01; 4.700000e+01; 5.300000e+01; 5.500000e+01; 3.200000e+01; 4.100000e+01; 2.800000e+01; 3.600000e+01; 2.700000e+01; 3.200000e+01; 
3.100000e+01; 3.700000e+01; 4.900000e+01; 0.000000e+00; 2.000000e+01; 2.100000e+01; 3.700000e+01; 3.700000e+01; 3.200000e+01; 3.100000e+01; 2.600000e+01; 1.200000e+01; 1.500000e+01; 1.700000e+01; 1.800000e+01; 3.500000e+01; 7.000000e+00; 7.000000e+00; 1.400000e+01; 4.800000e+01; 4.400000e+01; 3.800000e+01; 3.100000e+01; 2.800000e+01; 1.700000e+01; 4.200000e+01; 2.400000e+01; 4.700000e+01; 4.300000e+01; 3.800000e+01; 4.600000e+01; 2.600000e+01; 3.000000e+01; 4.100000e+01; 5.500000e+01; 6.000000e+01; 1.200000e+01; 2.600000e+01; 4.000000e+01; 2.500000e+01; 1.300000e+01; 1.600000e+01; 4.000000e+01; 1.400000e+01; 2.400000e+01; 1.700000e+01; 7.000000e+00; 2.900000e+01; 2.800000e+01; 3.700000e+01; 1.700000e+01; 
2.200000e+01; 2.100000e+01; 3.600000e+01; 2.000000e+01; 0.000000e+00; 2.500000e+01; 4.000000e+01; 3.300000e+01; 1.200000e+01; 1.400000e+01; 1.100000e+01; 9.000000e+00; 3.500000e+01; 3.000000e+01; 1.400000e+01; 1.600000e+01; 1.400000e+01; 2.300000e+01; 3.100000e+01; 3.200000e+01; 2.500000e+01; 2.700000e+01; 3.600000e+01; 3.800000e+01; 3.300000e+01; 4.000000e+01; 2.000000e+01; 3.700000e+01; 2.500000e+01; 1.800000e+01; 3.900000e+01; 1.600000e+01; 2.000000e+01; 2.100000e+01; 3.900000e+01; 4.500000e+01; 1.100000e+01; 7.000000e+00; 2.400000e+01; 4.200000e+01; 3.200000e+01; 2.700000e+01; 4.800000e+01; 1.800000e+01; 2.000000e+01; 1.200000e+01; 1.500000e+01; 2.900000e+01; 8.000000e+00; 1.700000e+01; 1.400000e+01; 
1.600000e+01; 2.800000e+01; 3.500000e+01; 2.100000e+01; 2.500000e+01; 0.000000e+00; 1.600000e+01; 1.800000e+01; 3.400000e+01; 3.900000e+01; 2.100000e+01; 1.800000e+01; 2.700000e+01; 1.000000e+01; 3.400000e+01; 3.100000e+01; 2.400000e+01; 1.400000e+01; 3.400000e+01; 3.700000e+01; 4.100000e+01; 2.300000e+01; 1.100000e+01; 1.300000e+01; 1.600000e+01; 2.100000e+01; 9.000000e+00; 2.900000e+01; 3.700000e+01; 4.200000e+01; 2.700000e+01; 1.700000e+01; 4.400000e+01; 4.200000e+01; 4.400000e+01; 4.700000e+01; 2.700000e+01; 2.600000e+01; 4.900000e+01; 4.400000e+01; 3.100000e+01; 3.700000e+01; 2.300000e+01; 3.300000e+01; 4.100000e+01; 1.300000e+01; 1.500000e+01; 8.000000e+00; 3.300000e+01; 3.600000e+01; 1.100000e+01; 
2.200000e+01; 3.400000e+01; 3.500000e+01; 3.700000e+01; 4.000000e+01; 1.600000e+01; 0.000000e+00; 1.400000e+01; 4.600000e+01; 5.400000e+01; 3.300000e+01; 3.400000e+01; 3.900000e+01; 2.100000e+01; 5.000000e+01; 4.100000e+01; 4.100000e+01; 3.000000e+01; 5.000000e+01; 4.000000e+01; 4.900000e+01; 2.500000e+01; 6.000000e+00; 1.400000e+01; 2.600000e+01; 1.100000e+01; 1.900000e+01; 2.600000e+01; 4.300000e+01; 5.400000e+01; 2.000000e+01; 2.700000e+01; 6.000000e+01; 5.300000e+01; 4.500000e+01; 4.600000e+01; 4.300000e+01; 3.900000e+01; 6.300000e+01; 5.800000e+01; 4.600000e+01; 5.300000e+01; 1.200000e+01; 4.900000e+01; 5.700000e+01; 2.800000e+01; 3.200000e+01; 1.100000e+01; 4.600000e+01; 4.600000e+01; 2.600000e+01; 
1.100000e+01; 2.200000e+01; 2.100000e+01; 3.700000e+01; 3.300000e+01; 1.800000e+01; 1.400000e+01; 0.000000e+00; 3.500000e+01; 4.500000e+01; 2.300000e+01; 3.000000e+01; 4.500000e+01; 2.700000e+01; 4.600000e+01; 2.900000e+01; 3.900000e+01; 3.200000e+01; 5.200000e+01; 2.600000e+01; 3.600000e+01; 1.200000e+01; 1.500000e+01; 2.500000e+01; 3.300000e+01; 7.000000e+00; 1.400000e+01; 1.300000e+01; 3.000000e+01; 4.400000e+01; 9.000000e+00; 1.700000e+01; 5.400000e+01; 4.100000e+01; 3.100000e+01; 3.200000e+01; 4.000000e+01; 3.000000e+01; 5.400000e+01; 6.100000e+01; 4.900000e+01; 5.200000e+01; 2.600000e+01; 4.700000e+01; 5.200000e+01; 2.300000e+01; 3.000000e+01; 9.000000e+00; 3.800000e+01; 3.500000e+01; 2.200000e+01; 
2.400000e+01; 1.600000e+01; 3.100000e+01; 3.200000e+01; 1.200000e+01; 3.400000e+01; 4.600000e+01; 3.500000e+01; 0.000000e+00; 1.200000e+01; 1.200000e+01; 2.100000e+01; 4.700000e+01; 4.100000e+01; 2.300000e+01; 8.000000e+00; 2.600000e+01; 3.500000e+01; 4.300000e+01; 2.500000e+01; 1.300000e+01; 2.600000e+01; 4.300000e+01; 4.700000e+01; 4.500000e+01; 4.300000e+01; 2.600000e+01; 3.500000e+01; 1.600000e+01; 8.000000e+00; 3.900000e+01; 1.900000e+01; 2.300000e+01; 9.000000e+00; 3.100000e+01; 3.700000e+01; 2.200000e+01; 7.000000e+00; 1.900000e+01; 5.400000e+01; 4.400000e+01; 3.800000e+01; 5.600000e+01; 2.800000e+01; 2.600000e+01; 2.000000e+01; 2.700000e+01; 3.400000e+01; 6.000000e+00; 5.000000e+00; 2.300000e+01; 
3.400000e+01; 2.800000e+01; 4.300000e+01; 3.100000e+01; 1.400000e+01; 3.900000e+01; 5.400000e+01; 4.500000e+01; 1.200000e+01; 0.000000e+00; 2.100000e+01; 2.200000e+01; 4.600000e+01; 4.400000e+01; 1.500000e+01; 2.000000e+01; 2.400000e+01; 3.600000e+01; 3.800000e+01; 3.700000e+01; 2.300000e+01; 3.700000e+01; 5.000000e+01; 5.300000e+01; 4.700000e+01; 5.200000e+01; 3.400000e+01; 4.600000e+01; 2.700000e+01; 9.000000e+00; 5.000000e+01; 2.800000e+01; 1.200000e+01; 1.500000e+01; 4.300000e+01; 4.900000e+01; 1.900000e+01; 1.500000e+01; 1.000000e+01; 4.800000e+01; 4.100000e+01; 3.100000e+01; 6.200000e+01; 2.100000e+01; 1.600000e+01; 2.600000e+01; 2.800000e+01; 4.200000e+01; 7.000000e+00; 1.600000e+01; 2.800000e+01; 
1.200000e+01; 1.000000e+01; 2.500000e+01; 2.600000e+01; 1.100000e+01; 2.100000e+01; 3.300000e+01; 2.300000e+01; 1.200000e+01; 2.100000e+01; 0.000000e+00; 1.400000e+01; 4.000000e+01; 3.000000e+01; 2.500000e+01; 1.000000e+01; 2.300000e+01; 2.600000e+01; 4.000000e+01; 2.200000e+01; 2.000000e+01; 1.600000e+01; 3.000000e+01; 3.500000e+01; 3.500000e+01; 3.000000e+01; 1.300000e+01; 2.600000e+01; 1.700000e+01; 2.100000e+01; 2.800000e+01; 6.000000e+00; 3.100000e+01; 2.000000e+01; 2.900000e+01; 3.500000e+01; 2.100000e+01; 6.000000e+00; 3.100000e+01; 5.000000e+01; 4.000000e+01; 3.700000e+01; 4.300000e+01; 2.800000e+01; 3.100000e+01; 1.000000e+01; 1.900000e+01; 2.200000e+01; 1.400000e+01; 1.400000e+01; 1.200000e+01; 
2.000000e+01; 2.400000e+01; 3.800000e+01; 1.200000e+01; 9.000000e+00; 1.800000e+01; 3.400000e+01; 3.000000e+01; 2.100000e+01; 2.200000e+01; 1.400000e+01; 0.000000e+00; 2.600000e+01; 2.100000e+01; 1.600000e+01; 2.200000e+01; 9.000000e+00; 1.400000e+01; 2.600000e+01; 3.600000e+01; 3.200000e+01; 2.700000e+01; 2.900000e+01; 3.000000e+01; 2.400000e+01; 3.600000e+01; 1.600000e+01; 3.700000e+01; 3.100000e+01; 2.700000e+01; 3.700000e+01; 1.500000e+01; 2.600000e+01; 3.000000e+01; 4.300000e+01; 4.800000e+01; 1.000000e+01; 1.400000e+01; 3.200000e+01; 3.600000e+01; 2.500000e+01; 2.400000e+01; 4.100000e+01; 1.700000e+01; 2.300000e+01; 7.000000e+00; 6.000000e+00; 2.300000e+01; 1.700000e+01; 2.500000e+01; 8.000000e+00; 
4.100000e+01; 5.000000e+01; 6.100000e+01; 1.500000e+01; 3.500000e+01; 2.700000e+01; 3.900000e+01; 4.500000e+01; 4.700000e+01; 4.600000e+01; 4.000000e+01; 2.600000e+01; 0.000000e+00; 1.800000e+01; 3.200000e+01; 4.900000e+01; 2.200000e+01; 1.400000e+01; 1.400000e+01; 6.100000e+01; 5.900000e+01; 4.800000e+01; 3.300000e+01; 2.700000e+01; 1.300000e+01; 4.800000e+01; 3.300000e+01; 5.600000e+01; 5.700000e+01; 5.300000e+01; 5.400000e+01; 3.900000e+01; 4.300000e+01; 5.600000e+01; 6.800000e+01; 7.200000e+01; 2.700000e+01; 4.100000e+01; 5.400000e+01; 1.900000e+01; 9.000000e+00; 2.100000e+01; 3.900000e+01; 2.600000e+01; 3.700000e+01; 3.000000e+01; 2.100000e+01; 3.600000e+01; 4.300000e+01; 5.200000e+01; 2.900000e+01; 
2.600000e+01; 3.700000e+01; 4.500000e+01; 1.700000e+01; 3.000000e+01; 1.000000e+01; 2.100000e+01; 2.700000e+01; 4.100000e+01; 4.400000e+01; 3.000000e+01; 2.100000e+01; 1.800000e+01; 0.000000e+00; 3.500000e+01; 4.000000e+01; 2.400000e+01; 1.000000e+01; 2.900000e+01; 4.700000e+01; 5.000000e+01; 3.300000e+01; 1.500000e+01; 1.000000e+01; 6.000000e+00; 3.000000e+01; 1.800000e+01; 3.900000e+01; 4.600000e+01; 4.800000e+01; 3.600000e+01; 2.600000e+01; 4.600000e+01; 4.900000e+01; 5.400000e+01; 5.700000e+01; 2.800000e+01; 3.300000e+01; 5.400000e+01; 3.600000e+01; 2.500000e+01; 3.300000e+01; 2.300000e+01; 3.200000e+01; 4.100000e+01; 2.000000e+01; 1.600000e+01; 1.800000e+01; 3.800000e+01; 4.400000e+01; 1.800000e+01; 
3.600000e+01; 3.500000e+01; 5.000000e+01; 1.800000e+01; 1.400000e+01; 3.400000e+01; 5.000000e+01; 4.600000e+01; 2.300000e+01; 1.500000e+01; 2.500000e+01; 1.600000e+01; 3.200000e+01; 3.500000e+01; 0.000000e+00; 2.900000e+01; 1.100000e+01; 2.500000e+01; 2.300000e+01; 4.600000e+01; 3.600000e+01; 4.100000e+01; 4.500000e+01; 4.500000e+01; 3.600000e+01; 5.200000e+01; 3.200000e+01; 5.100000e+01; 3.800000e+01; 2.400000e+01; 5.300000e+01; 3.000000e+01; 1.100000e+01; 3.000000e+01; 5.300000e+01; 5.900000e+01; 7.000000e+00; 2.100000e+01; 2.300000e+01; 3.200000e+01; 2.600000e+01; 1.600000e+01; 5.700000e+01; 6.000000e+00; 6.000000e+00; 2.300000e+01; 1.900000e+01; 4.000000e+01; 1.600000e+01; 2.900000e+01; 2.400000e+01; 
1.800000e+01; 8.000000e+00; 2.300000e+01; 3.500000e+01; 1.600000e+01; 3.100000e+01; 4.100000e+01; 2.900000e+01; 8.000000e+00; 2.000000e+01; 1.000000e+01; 2.200000e+01; 4.900000e+01; 4.000000e+01; 2.900000e+01; 0.000000e+00; 3.000000e+01; 3.500000e+01; 4.800000e+01; 1.700000e+01; 1.000000e+01; 1.800000e+01; 3.900000e+01; 4.500000e+01; 4.500000e+01; 3.600000e+01; 2.300000e+01; 2.700000e+01; 9.000000e+00; 1.500000e+01; 3.100000e+01; 1.400000e+01; 3.100000e+01; 1.200000e+01; 2.400000e+01; 3.000000e+01; 2.700000e+01; 9.000000e+00; 2.600000e+01; 5.800000e+01; 4.800000e+01; 4.300000e+01; 5.200000e+01; 3.400000e+01; 3.300000e+01; 2.000000e+01; 2.800000e+01; 3.000000e+01; 1.300000e+01; 5.000000e+00; 2.200000e+01; 
3.000000e+01; 3.400000e+01; 4.800000e+01; 7.000000e+00; 1.400000e+01; 2.400000e+01; 4.100000e+01; 3.900000e+01; 2.600000e+01; 2.400000e+01; 2.300000e+01; 9.000000e+00; 2.200000e+01; 2.400000e+01; 1.100000e+01; 3.000000e+01; 0.000000e+00; 1.400000e+01; 1.700000e+01; 4.600000e+01; 3.900000e+01; 3.700000e+01; 3.500000e+01; 3.400000e+01; 2.500000e+01; 4.500000e+01; 2.500000e+01; 4.600000e+01; 3.900000e+01; 3.100000e+01; 4.700000e+01; 2.500000e+01; 2.300000e+01; 3.500000e+01; 5.300000e+01; 5.800000e+01; 5.000000e+00; 2.100000e+01; 3.200000e+01; 2.700000e+01; 1.800000e+01; 1.400000e+01; 4.600000e+01; 8.000000e+00; 1.700000e+01; 1.600000e+01; 9.000000e+00; 3.200000e+01; 2.100000e+01; 3.200000e+01; 1.700000e+01; 
2.700000e+01; 3.500000e+01; 4.600000e+01; 7.000000e+00; 2.300000e+01; 1.400000e+01; 3.000000e+01; 3.200000e+01; 3.500000e+01; 3.600000e+01; 2.600000e+01; 1.400000e+01; 1.400000e+01; 1.000000e+01; 2.500000e+01; 3.500000e+01; 1.400000e+01; 0.000000e+00; 2.000000e+01; 4.700000e+01; 4.500000e+01; 3.400000e+01; 2.400000e+01; 2.100000e+01; 1.100000e+01; 3.600000e+01; 1.900000e+01; 4.200000e+01; 4.300000e+01; 4.100000e+01; 4.100000e+01; 2.400000e+01; 3.700000e+01; 4.400000e+01; 5.400000e+01; 5.800000e+01; 1.800000e+01; 2.800000e+01; 4.500000e+01; 2.900000e+01; 1.700000e+01; 2.300000e+01; 3.300000e+01; 2.200000e+01; 3.100000e+01; 1.600000e+01; 8.000000e+00; 2.300000e+01; 3.100000e+01; 3.900000e+01; 1.400000e+01; 
4.500000e+01; 5.000000e+01; 6.400000e+01; 1.400000e+01; 3.100000e+01; 3.400000e+01; 5.000000e+01; 5.200000e+01; 4.300000e+01; 3.800000e+01; 4.000000e+01; 2.600000e+01; 1.400000e+01; 2.900000e+01; 2.300000e+01; 4.800000e+01; 1.700000e+01; 2.000000e+01; 0.000000e+00; 6.200000e+01; 5.600000e+01; 5.200000e+01; 4.400000e+01; 3.900000e+01; 2.500000e+01; 5.600000e+01; 3.800000e+01; 6.100000e+01; 5.700000e+01; 4.700000e+01; 6.000000e+01; 4.100000e+01; 3.300000e+01; 5.200000e+01; 7.000000e+01; 7.500000e+01; 2.100000e+01; 3.800000e+01; 4.600000e+01; 1.000000e+01; 5.000000e+00; 8.000000e+00; 5.100000e+01; 1.700000e+01; 2.600000e+01; 3.200000e+01; 2.200000e+01; 4.300000e+01; 3.800000e+01; 4.900000e+01; 3.100000e+01; 
2.000000e+01; 1.200000e+01; 7.000000e+00; 4.800000e+01; 3.200000e+01; 3.700000e+01; 4.000000e+01; 2.600000e+01; 2.500000e+01; 3.700000e+01; 2.200000e+01; 3.600000e+01; 6.100000e+01; 4.700000e+01; 4.600000e+01; 1.700000e+01; 4.600000e+01; 4.700000e+01; 6.200000e+01; 0.000000e+00; 1.600000e+01; 1.500000e+01; 4.100000e+01; 4.900000e+01; 5.300000e+01; 3.100000e+01; 2.800000e+01; 1.600000e+01; 1.000000e+01; 3.100000e+01; 2.200000e+01; 2.200000e+01; 4.900000e+01; 2.500000e+01; 7.000000e+00; 1.200000e+01; 4.300000e+01; 2.500000e+01; 4.300000e+01; 7.300000e+01; 6.200000e+01; 6.000000e+01; 5.200000e+01; 5.000000e+01; 5.100000e+01; 3.100000e+01; 4.100000e+01; 3.200000e+01; 3.100000e+01; 2.100000e+01; 3.200000e+01; 
2.600000e+01; 1.400000e+01; 2.400000e+01; 4.400000e+01; 2.500000e+01; 4.100000e+01; 4.900000e+01; 3.600000e+01; 1.300000e+01; 2.300000e+01; 2.000000e+01; 3.200000e+01; 5.900000e+01; 5.000000e+01; 3.600000e+01; 1.000000e+01; 3.900000e+01; 4.500000e+01; 5.600000e+01; 1.600000e+01; 0.000000e+00; 2.500000e+01; 4.800000e+01; 5.400000e+01; 5.500000e+01; 4.300000e+01; 3.200000e+01; 3.100000e+01; 7.000000e+00; 1.500000e+01; 3.600000e+01; 2.400000e+01; 3.500000e+01; 9.000000e+00; 2.100000e+01; 2.700000e+01; 3.600000e+01; 1.800000e+01; 2.700000e+01; 6.700000e+01; 5.700000e+01; 5.200000e+01; 6.100000e+01; 4.100000e+01; 3.900000e+01; 3.000000e+01; 3.800000e+01; 3.900000e+01; 1.900000e+01; 7.000000e+00; 3.200000e+01; 
7.000000e+00; 1.000000e+01; 1.200000e+01; 3.800000e+01; 2.700000e+01; 2.300000e+01; 2.500000e+01; 1.200000e+01; 2.600000e+01; 3.700000e+01; 1.600000e+01; 2.700000e+01; 4.800000e+01; 3.300000e+01; 4.100000e+01; 1.800000e+01; 3.700000e+01; 3.400000e+01; 5.200000e+01; 1.500000e+01; 2.500000e+01; 0.000000e+00; 2.600000e+01; 3.400000e+01; 3.900000e+01; 1.800000e+01; 1.500000e+01; 1.000000e+01; 1.800000e+01; 3.400000e+01; 1.300000e+01; 1.100000e+01; 4.700000e+01; 3.000000e+01; 2.000000e+01; 2.400000e+01; 3.600000e+01; 2.200000e+01; 4.500000e+01; 6.300000e+01; 5.100000e+01; 5.100000e+01; 3.700000e+01; 4.300000e+01; 4.700000e+01; 2.000000e+01; 3.000000e+01; 1.700000e+01; 2.900000e+01; 2.400000e+01; 2.000000e+01; 
2.100000e+01; 3.300000e+01; 3.600000e+01; 3.100000e+01; 3.600000e+01; 1.100000e+01; 6.000000e+00; 1.500000e+01; 4.300000e+01; 5.000000e+01; 3.000000e+01; 2.900000e+01; 3.300000e+01; 1.500000e+01; 4.500000e+01; 3.900000e+01; 3.500000e+01; 2.400000e+01; 4.400000e+01; 4.100000e+01; 4.800000e+01; 2.600000e+01; 0.000000e+00; 9.000000e+00; 2.100000e+01; 1.500000e+01; 1.600000e+01; 2.800000e+01; 4.200000e+01; 5.100000e+01; 2.400000e+01; 2.400000e+01; 5.500000e+01; 5.100000e+01; 4.600000e+01; 4.800000e+01; 3.800000e+01; 3.600000e+01; 6.000000e+01; 5.200000e+01; 4.000000e+01; 4.700000e+01; 1.300000e+01; 4.400000e+01; 5.200000e+01; 2.400000e+01; 2.600000e+01; 9.000000e+00; 4.300000e+01; 4.400000e+01; 2.200000e+01; 
2.900000e+01; 4.100000e+01; 4.500000e+01; 2.800000e+01; 3.800000e+01; 1.300000e+01; 1.400000e+01; 2.500000e+01; 4.700000e+01; 5.300000e+01; 3.500000e+01; 3.000000e+01; 2.700000e+01; 1.000000e+01; 4.500000e+01; 4.500000e+01; 3.400000e+01; 2.100000e+01; 3.900000e+01; 4.900000e+01; 5.400000e+01; 3.400000e+01; 9.000000e+00; 0.000000e+00; 1.400000e+01; 2.400000e+01; 2.200000e+01; 3.800000e+01; 5.000000e+01; 5.500000e+01; 3.300000e+01; 3.000000e+01; 5.600000e+01; 5.600000e+01; 5.500000e+01; 5.700000e+01; 3.800000e+01; 4.000000e+01; 6.300000e+01; 4.600000e+01; 3.500000e+01; 4.300000e+01; 1.200000e+01; 4.300000e+01; 5.200000e+01; 2.700000e+01; 2.600000e+01; 1.700000e+01; 4.600000e+01; 5.000000e+01; 2.500000e+01; 
3.300000e+01; 4.300000e+01; 5.100000e+01; 1.700000e+01; 3.300000e+01; 1.600000e+01; 2.600000e+01; 3.300000e+01; 4.500000e+01; 4.700000e+01; 3.500000e+01; 2.400000e+01; 1.300000e+01; 6.000000e+00; 3.600000e+01; 4.500000e+01; 2.500000e+01; 1.100000e+01; 2.500000e+01; 5.300000e+01; 5.500000e+01; 3.900000e+01; 2.100000e+01; 1.400000e+01; 0.000000e+00; 3.600000e+01; 2.500000e+01; 4.600000e+01; 5.100000e+01; 5.200000e+01; 4.300000e+01; 3.200000e+01; 4.800000e+01; 5.400000e+01; 6.000000e+01; 6.400000e+01; 2.900000e+01; 3.800000e+01; 5.600000e+01; 3.200000e+01; 2.100000e+01; 3.100000e+01; 2.600000e+01; 3.200000e+01; 4.200000e+01; 2.500000e+01; 1.800000e+01; 2.400000e+01; 4.200000e+01; 4.900000e+01; 2.300000e+01; 
1.800000e+01; 2.900000e+01; 2.500000e+01; 4.200000e+01; 4.000000e+01; 2.100000e+01; 1.100000e+01; 7.000000e+00; 4.300000e+01; 5.200000e+01; 3.000000e+01; 3.600000e+01; 4.800000e+01; 3.000000e+01; 5.200000e+01; 3.600000e+01; 4.500000e+01; 3.600000e+01; 5.600000e+01; 3.100000e+01; 4.300000e+01; 1.800000e+01; 1.500000e+01; 2.400000e+01; 3.600000e+01; 0.000000e+00; 2.000000e+01; 1.600000e+01; 3.600000e+01; 5.100000e+01; 1.000000e+01; 2.400000e+01; 6.100000e+01; 4.800000e+01; 3.500000e+01; 3.600000e+01; 4.600000e+01; 3.700000e+01; 6.100000e+01; 6.500000e+01; 5.300000e+01; 5.800000e+01; 2.200000e+01; 5.300000e+01; 5.900000e+01; 2.900000e+01; 3.600000e+01; 1.300000e+01; 4.500000e+01; 4.200000e+01; 2.800000e+01; 
8.000000e+00; 1.900000e+01; 2.700000e+01; 2.400000e+01; 2.000000e+01; 9.000000e+00; 1.900000e+01; 1.400000e+01; 2.600000e+01; 3.400000e+01; 1.300000e+01; 1.600000e+01; 3.300000e+01; 1.800000e+01; 3.200000e+01; 2.300000e+01; 2.500000e+01; 1.900000e+01; 3.800000e+01; 2.800000e+01; 3.200000e+01; 1.500000e+01; 1.600000e+01; 2.200000e+01; 2.500000e+01; 2.000000e+01; 0.000000e+00; 2.300000e+01; 2.800000e+01; 3.500000e+01; 2.200000e+01; 8.000000e+00; 4.100000e+01; 3.400000e+01; 3.500000e+01; 3.900000e+01; 2.600000e+01; 1.900000e+01; 4.300000e+01; 4.800000e+01; 3.600000e+01; 3.900000e+01; 2.900000e+01; 3.300000e+01; 3.900000e+01; 9.000000e+00; 1.600000e+01; 8.000000e+00; 2.600000e+01; 2.800000e+01; 8.000000e+00; 
1.600000e+01; 1.800000e+01; 9.000000e+00; 4.700000e+01; 3.700000e+01; 2.900000e+01; 2.600000e+01; 1.300000e+01; 3.500000e+01; 4.600000e+01; 2.600000e+01; 3.700000e+01; 5.600000e+01; 3.900000e+01; 5.100000e+01; 2.700000e+01; 4.600000e+01; 4.200000e+01; 6.100000e+01; 1.600000e+01; 3.100000e+01; 1.000000e+01; 2.800000e+01; 3.800000e+01; 4.600000e+01; 1.600000e+01; 2.300000e+01; 0.000000e+00; 2.400000e+01; 4.200000e+01; 6.000000e+00; 2.100000e+01; 5.700000e+01; 3.800000e+01; 1.900000e+01; 2.000000e+01; 4.600000e+01; 3.200000e+01; 5.400000e+01; 7.100000e+01; 5.900000e+01; 6.100000e+01; 3.800000e+01; 5.300000e+01; 5.700000e+01; 3.000000e+01; 3.900000e+01; 2.100000e+01; 3.900000e+01; 3.200000e+01; 2.900000e+01; 
2.100000e+01; 9.000000e+00; 1.700000e+01; 4.300000e+01; 2.500000e+01; 3.700000e+01; 4.300000e+01; 3.000000e+01; 1.600000e+01; 2.700000e+01; 1.700000e+01; 3.100000e+01; 5.700000e+01; 4.600000e+01; 3.800000e+01; 9.000000e+00; 3.900000e+01; 4.300000e+01; 5.700000e+01; 1.000000e+01; 7.000000e+00; 1.800000e+01; 4.200000e+01; 5.000000e+01; 5.100000e+01; 3.600000e+01; 2.800000e+01; 2.400000e+01; 0.000000e+00; 2.100000e+01; 2.900000e+01; 2.000000e+01; 3.900000e+01; 1.500000e+01; 1.500000e+01; 2.100000e+01; 3.600000e+01; 1.800000e+01; 3.300000e+01; 6.700000e+01; 5.700000e+01; 5.300000e+01; 5.500000e+01; 4.300000e+01; 4.200000e+01; 2.700000e+01; 3.600000e+01; 3.300000e+01; 2.200000e+01; 1.100000e+01; 2.900000e+01; 
3.200000e+01; 2.300000e+01; 3.700000e+01; 3.800000e+01; 1.800000e+01; 4.200000e+01; 5.400000e+01; 4.400000e+01; 8.000000e+00; 9.000000e+00; 2.100000e+01; 2.700000e+01; 5.300000e+01; 4.800000e+01; 2.400000e+01; 1.500000e+01; 3.100000e+01; 4.100000e+01; 4.700000e+01; 3.100000e+01; 1.500000e+01; 3.400000e+01; 5.100000e+01; 5.500000e+01; 5.200000e+01; 5.100000e+01; 3.500000e+01; 4.200000e+01; 2.100000e+01; 0.000000e+00; 4.600000e+01; 2.700000e+01; 2.000000e+01; 6.000000e+00; 3.600000e+01; 4.200000e+01; 2.600000e+01; 1.500000e+01; 1.200000e+01; 5.700000e+01; 4.900000e+01; 4.000000e+01; 6.400000e+01; 3.000000e+01; 2.500000e+01; 2.800000e+01; 3.300000e+01; 4.300000e+01; 1.000000e+01; 1.000000e+01; 3.000000e+01; 
1.700000e+01; 2.300000e+01; 1.500000e+01; 4.600000e+01; 3.900000e+01; 2.700000e+01; 2.000000e+01; 9.000000e+00; 3.900000e+01; 5.000000e+01; 2.800000e+01; 3.700000e+01; 5.400000e+01; 3.600000e+01; 5.300000e+01; 3.100000e+01; 4.700000e+01; 4.100000e+01; 6.000000e+01; 2.200000e+01; 3.600000e+01; 1.300000e+01; 2.400000e+01; 3.300000e+01; 4.300000e+01; 1.000000e+01; 2.200000e+01; 6.000000e+00; 2.900000e+01; 4.600000e+01; 0.000000e+00; 2.300000e+01; 5.900000e+01; 4.300000e+01; 2.500000e+01; 2.600000e+01; 4.700000e+01; 3.400000e+01; 5.800000e+01; 7.000000e+01; 5.800000e+01; 6.100000e+01; 3.200000e+01; 5.400000e+01; 5.900000e+01; 3.000000e+01; 3.800000e+01; 1.800000e+01; 4.200000e+01; 3.700000e+01; 2.900000e+01; 
6.000000e+00; 1.100000e+01; 2.200000e+01; 2.600000e+01; 1.600000e+01; 1.700000e+01; 2.700000e+01; 1.700000e+01; 1.900000e+01; 2.800000e+01; 6.000000e+00; 1.500000e+01; 3.900000e+01; 2.600000e+01; 3.000000e+01; 1.400000e+01; 2.500000e+01; 2.400000e+01; 4.100000e+01; 2.200000e+01; 2.400000e+01; 1.100000e+01; 2.400000e+01; 3.000000e+01; 3.200000e+01; 2.400000e+01; 8.000000e+00; 2.100000e+01; 2.000000e+01; 2.700000e+01; 2.300000e+01; 0.000000e+00; 3.600000e+01; 2.600000e+01; 2.900000e+01; 3.300000e+01; 2.400000e+01; 1.300000e+01; 3.700000e+01; 5.100000e+01; 4.000000e+01; 3.900000e+01; 3.700000e+01; 3.200000e+01; 3.600000e+01; 9.000000e+00; 1.900000e+01; 1.500000e+01; 2.000000e+01; 2.000000e+01; 1.000000e+01; 
4.200000e+01; 3.900000e+01; 5.400000e+01; 3.000000e+01; 2.000000e+01; 4.400000e+01; 6.000000e+01; 5.400000e+01; 2.300000e+01; 1.200000e+01; 3.100000e+01; 2.600000e+01; 4.300000e+01; 4.600000e+01; 1.100000e+01; 3.100000e+01; 2.300000e+01; 3.700000e+01; 3.300000e+01; 4.900000e+01; 3.500000e+01; 4.700000e+01; 5.500000e+01; 5.600000e+01; 4.800000e+01; 6.100000e+01; 4.100000e+01; 5.700000e+01; 3.900000e+01; 2.000000e+01; 5.900000e+01; 3.600000e+01; 0.000000e+00; 2.700000e+01; 5.500000e+01; 6.100000e+01; 1.800000e+01; 2.500000e+01; 1.300000e+01; 4.100000e+01; 3.600000e+01; 2.500000e+01; 6.700000e+01; 1.600000e+01; 7.000000e+00; 3.200000e+01; 3.000000e+01; 4.900000e+01; 1.800000e+01; 2.800000e+01; 3.400000e+01; 
3.000000e+01; 2.000000e+01; 3.200000e+01; 4.100000e+01; 2.100000e+01; 4.200000e+01; 5.300000e+01; 4.100000e+01; 9.000000e+00; 1.500000e+01; 2.000000e+01; 3.000000e+01; 5.600000e+01; 4.900000e+01; 3.000000e+01; 1.200000e+01; 3.500000e+01; 4.400000e+01; 5.200000e+01; 2.500000e+01; 9.000000e+00; 3.000000e+01; 5.100000e+01; 5.600000e+01; 5.400000e+01; 4.800000e+01; 3.400000e+01; 3.800000e+01; 1.500000e+01; 6.000000e+00; 4.300000e+01; 2.600000e+01; 2.700000e+01; 0.000000e+00; 3.000000e+01; 3.600000e+01; 3.100000e+01; 1.600000e+01; 1.800000e+01; 6.200000e+01; 5.300000e+01; 4.600000e+01; 6.400000e+01; 3.500000e+01; 3.100000e+01; 2.900000e+01; 3.600000e+01; 4.200000e+01; 1.300000e+01; 6.000000e+00; 3.100000e+01; 
2.700000e+01; 1.900000e+01; 1.000000e+01; 5.500000e+01; 3.900000e+01; 4.400000e+01; 4.500000e+01; 3.100000e+01; 3.100000e+01; 4.300000e+01; 2.900000e+01; 4.300000e+01; 6.800000e+01; 5.400000e+01; 5.300000e+01; 2.400000e+01; 5.300000e+01; 5.400000e+01; 7.000000e+01; 7.000000e+00; 2.100000e+01; 2.000000e+01; 4.600000e+01; 5.500000e+01; 6.000000e+01; 3.500000e+01; 3.500000e+01; 1.900000e+01; 1.500000e+01; 3.600000e+01; 2.500000e+01; 2.900000e+01; 5.500000e+01; 3.000000e+01; 0.000000e+00; 6.000000e+00; 5.000000e+01; 3.200000e+01; 4.800000e+01; 8.000000e+01; 6.900000e+01; 6.700000e+01; 5.700000e+01; 5.700000e+01; 5.700000e+01; 3.800000e+01; 4.800000e+01; 3.700000e+01; 3.700000e+01; 2.600000e+01; 3.900000e+01; 
3.100000e+01; 2.400000e+01; 1.200000e+01; 6.000000e+01; 4.500000e+01; 4.700000e+01; 4.600000e+01; 3.200000e+01; 3.700000e+01; 4.900000e+01; 3.500000e+01; 4.800000e+01; 7.200000e+01; 5.700000e+01; 5.900000e+01; 3.000000e+01; 5.800000e+01; 5.800000e+01; 7.500000e+01; 1.200000e+01; 2.700000e+01; 2.400000e+01; 4.800000e+01; 5.700000e+01; 6.400000e+01; 3.600000e+01; 3.900000e+01; 2.000000e+01; 2.100000e+01; 4.200000e+01; 2.600000e+01; 3.300000e+01; 6.100000e+01; 3.600000e+01; 6.000000e+00; 0.000000e+00; 5.600000e+01; 3.800000e+01; 5.400000e+01; 8.500000e+01; 7.400000e+01; 7.200000e+01; 5.800000e+01; 6.300000e+01; 6.300000e+01; 4.300000e+01; 5.300000e+01; 4.000000e+01; 4.300000e+01; 3.200000e+01; 4.300000e+01; 
3.000000e+01; 3.100000e+01; 4.600000e+01; 1.200000e+01; 1.100000e+01; 2.700000e+01; 4.300000e+01; 4.000000e+01; 2.200000e+01; 1.900000e+01; 2.100000e+01; 1.000000e+01; 2.700000e+01; 2.800000e+01; 7.000000e+00; 2.700000e+01; 5.000000e+00; 1.800000e+01; 2.100000e+01; 4.300000e+01; 3.600000e+01; 3.600000e+01; 3.800000e+01; 3.800000e+01; 2.900000e+01; 4.600000e+01; 2.600000e+01; 4.600000e+01; 3.600000e+01; 2.600000e+01; 4.700000e+01; 2.400000e+01; 1.800000e+01; 3.100000e+01; 5.000000e+01; 5.600000e+01; 0.000000e+00; 1.800000e+01; 2.700000e+01; 3.100000e+01; 2.200000e+01; 1.600000e+01; 4.900000e+01; 7.000000e+00; 1.300000e+01; 1.700000e+01; 1.200000e+01; 3.300000e+01; 1.700000e+01; 2.800000e+01; 1.800000e+01; 
1.800000e+01; 1.400000e+01; 2.900000e+01; 2.600000e+01; 7.000000e+00; 2.600000e+01; 3.900000e+01; 3.000000e+01; 7.000000e+00; 1.500000e+01; 6.000000e+00; 1.400000e+01; 4.100000e+01; 3.300000e+01; 2.100000e+01; 9.000000e+00; 2.100000e+01; 2.800000e+01; 3.800000e+01; 2.500000e+01; 1.800000e+01; 2.200000e+01; 3.600000e+01; 4.000000e+01; 3.800000e+01; 3.700000e+01; 1.900000e+01; 3.200000e+01; 1.800000e+01; 1.500000e+01; 3.400000e+01; 1.300000e+01; 2.500000e+01; 1.600000e+01; 3.200000e+01; 3.800000e+01; 1.800000e+01; 0.000000e+00; 2.400000e+01; 4.900000e+01; 3.900000e+01; 3.400000e+01; 4.900000e+01; 2.500000e+01; 2.500000e+01; 1.300000e+01; 2.000000e+01; 2.800000e+01; 7.000000e+00; 1.100000e+01; 1.500000e+01; 
4.300000e+01; 3.500000e+01; 4.900000e+01; 4.000000e+01; 2.400000e+01; 4.900000e+01; 6.300000e+01; 5.400000e+01; 1.900000e+01; 1.000000e+01; 3.100000e+01; 3.200000e+01; 5.400000e+01; 5.400000e+01; 2.300000e+01; 2.600000e+01; 3.200000e+01; 4.500000e+01; 4.600000e+01; 4.300000e+01; 2.700000e+01; 4.500000e+01; 6.000000e+01; 6.300000e+01; 5.600000e+01; 6.100000e+01; 4.300000e+01; 5.400000e+01; 3.300000e+01; 1.200000e+01; 5.800000e+01; 3.700000e+01; 1.300000e+01; 1.800000e+01; 4.800000e+01; 5.400000e+01; 2.700000e+01; 2.400000e+01; 0.000000e+00; 5.400000e+01; 4.900000e+01; 3.800000e+01; 7.200000e+01; 2.900000e+01; 2.000000e+01; 3.600000e+01; 3.800000e+01; 5.200000e+01; 1.700000e+01; 2.200000e+01; 3.800000e+01; 
5.600000e+01; 6.100000e+01; 7.400000e+01; 2.500000e+01; 4.200000e+01; 4.400000e+01; 5.800000e+01; 6.100000e+01; 5.400000e+01; 4.800000e+01; 5.000000e+01; 3.600000e+01; 1.900000e+01; 3.600000e+01; 3.200000e+01; 5.800000e+01; 2.700000e+01; 2.900000e+01; 1.000000e+01; 7.300000e+01; 6.700000e+01; 6.300000e+01; 5.200000e+01; 4.600000e+01; 3.200000e+01; 6.500000e+01; 4.800000e+01; 7.100000e+01; 6.700000e+01; 5.700000e+01; 7.000000e+01; 5.100000e+01; 4.100000e+01; 6.200000e+01; 8.000000e+01; 8.500000e+01; 3.100000e+01; 4.900000e+01; 5.400000e+01; 0.000000e+00; 1.200000e+01; 1.600000e+01; 5.800000e+01; 2.600000e+01; 3.400000e+01; 4.200000e+01; 3.200000e+01; 5.200000e+01; 4.800000e+01; 5.900000e+01; 4.200000e+01; 
4.400000e+01; 5.000000e+01; 6.300000e+01; 1.300000e+01; 3.200000e+01; 3.100000e+01; 4.600000e+01; 4.900000e+01; 4.400000e+01; 4.100000e+01; 4.000000e+01; 2.500000e+01; 9.000000e+00; 2.500000e+01; 2.600000e+01; 4.800000e+01; 1.800000e+01; 1.700000e+01; 5.000000e+00; 6.200000e+01; 5.700000e+01; 5.100000e+01; 4.000000e+01; 3.500000e+01; 2.100000e+01; 5.300000e+01; 3.600000e+01; 5.900000e+01; 5.700000e+01; 4.900000e+01; 5.800000e+01; 4.000000e+01; 3.600000e+01; 5.300000e+01; 6.900000e+01; 7.400000e+01; 2.200000e+01; 3.900000e+01; 4.900000e+01; 1.200000e+01; 0.000000e+00; 1.300000e+01; 4.700000e+01; 2.000000e+01; 2.900000e+01; 3.100000e+01; 2.100000e+01; 4.000000e+01; 3.900000e+01; 5.000000e+01; 3.000000e+01; 
4.400000e+01; 4.800000e+01; 6.200000e+01; 1.600000e+01; 2.700000e+01; 3.700000e+01; 5.300000e+01; 5.200000e+01; 3.800000e+01; 3.100000e+01; 3.700000e+01; 2.400000e+01; 2.100000e+01; 3.300000e+01; 1.600000e+01; 4.300000e+01; 1.400000e+01; 2.300000e+01; 8.000000e+00; 6.000000e+01; 5.200000e+01; 5.100000e+01; 4.700000e+01; 4.300000e+01; 3.100000e+01; 5.800000e+01; 3.900000e+01; 6.100000e+01; 5.300000e+01; 4.000000e+01; 6.100000e+01; 3.900000e+01; 2.500000e+01; 4.600000e+01; 6.700000e+01; 7.200000e+01; 1.600000e+01; 3.400000e+01; 3.800000e+01; 1.600000e+01; 1.300000e+01; 0.000000e+00; 5.600000e+01; 1.000000e+01; 1.800000e+01; 3.100000e+01; 2.200000e+01; 4.500000e+01; 3.200000e+01; 4.400000e+01; 3.100000e+01; 
3.400000e+01; 4.600000e+01; 4.700000e+01; 4.000000e+01; 4.800000e+01; 2.300000e+01; 1.200000e+01; 2.600000e+01; 5.600000e+01; 6.200000e+01; 4.300000e+01; 4.100000e+01; 3.900000e+01; 2.300000e+01; 5.700000e+01; 5.200000e+01; 4.600000e+01; 3.300000e+01; 5.100000e+01; 5.200000e+01; 6.100000e+01; 3.700000e+01; 1.300000e+01; 1.200000e+01; 2.600000e+01; 2.200000e+01; 2.900000e+01; 3.800000e+01; 5.500000e+01; 6.400000e+01; 3.200000e+01; 3.700000e+01; 6.700000e+01; 6.400000e+01; 5.700000e+01; 5.800000e+01; 4.900000e+01; 4.900000e+01; 7.200000e+01; 5.800000e+01; 4.700000e+01; 5.600000e+01; 0.000000e+00; 5.500000e+01; 6.300000e+01; 3.600000e+01; 3.700000e+01; 2.100000e+01; 5.600000e+01; 5.700000e+01; 3.400000e+01; 
3.700000e+01; 3.800000e+01; 5.300000e+01; 1.400000e+01; 1.800000e+01; 3.300000e+01; 4.900000e+01; 4.700000e+01; 2.800000e+01; 2.100000e+01; 2.800000e+01; 1.700000e+01; 2.600000e+01; 3.200000e+01; 6.000000e+00; 3.400000e+01; 8.000000e+00; 2.200000e+01; 1.700000e+01; 5.000000e+01; 4.100000e+01; 4.300000e+01; 4.400000e+01; 4.300000e+01; 3.200000e+01; 5.300000e+01; 3.300000e+01; 5.300000e+01; 4.300000e+01; 3.000000e+01; 5.400000e+01; 3.200000e+01; 1.600000e+01; 3.500000e+01; 5.700000e+01; 6.300000e+01; 7.000000e+00; 2.500000e+01; 2.900000e+01; 2.600000e+01; 2.000000e+01; 1.000000e+01; 5.500000e+01; 0.000000e+00; 1.000000e+01; 2.400000e+01; 1.700000e+01; 4.000000e+01; 2.200000e+01; 3.400000e+01; 2.500000e+01; 
4.200000e+01; 4.000000e+01; 5.500000e+01; 2.400000e+01; 2.000000e+01; 4.100000e+01; 5.700000e+01; 5.200000e+01; 2.600000e+01; 1.600000e+01; 3.100000e+01; 2.300000e+01; 3.700000e+01; 4.100000e+01; 6.000000e+00; 3.300000e+01; 1.700000e+01; 3.100000e+01; 2.600000e+01; 5.100000e+01; 3.900000e+01; 4.700000e+01; 5.200000e+01; 5.200000e+01; 4.200000e+01; 5.900000e+01; 3.900000e+01; 5.700000e+01; 4.200000e+01; 2.500000e+01; 5.900000e+01; 3.600000e+01; 7.000000e+00; 3.100000e+01; 5.700000e+01; 6.300000e+01; 1.300000e+01; 2.500000e+01; 2.000000e+01; 3.400000e+01; 2.900000e+01; 1.800000e+01; 6.300000e+01; 1.000000e+01; 0.000000e+00; 2.900000e+01; 2.600000e+01; 4.700000e+01; 2.000000e+01; 3.100000e+01; 3.100000e+01; 
1.300000e+01; 1.900000e+01; 3.200000e+01; 1.700000e+01; 1.200000e+01; 1.300000e+01; 2.800000e+01; 2.300000e+01; 2.000000e+01; 2.600000e+01; 1.000000e+01; 7.000000e+00; 3.000000e+01; 2.000000e+01; 2.300000e+01; 2.000000e+01; 1.600000e+01; 1.600000e+01; 3.200000e+01; 3.100000e+01; 3.000000e+01; 2.000000e+01; 2.400000e+01; 2.700000e+01; 2.500000e+01; 2.900000e+01; 9.000000e+00; 3.000000e+01; 2.700000e+01; 2.800000e+01; 3.000000e+01; 9.000000e+00; 3.200000e+01; 2.900000e+01; 3.800000e+01; 4.300000e+01; 1.700000e+01; 1.300000e+01; 3.600000e+01; 4.200000e+01; 3.100000e+01; 3.100000e+01; 3.600000e+01; 2.400000e+01; 2.900000e+01; 0.000000e+00; 9.000000e+00; 1.700000e+01; 1.900000e+01; 2.400000e+01; 2.000000e+00; 
2.300000e+01; 2.900000e+01; 4.100000e+01; 7.000000e+00; 1.500000e+01; 1.500000e+01; 3.200000e+01; 3.000000e+01; 2.700000e+01; 2.800000e+01; 1.900000e+01; 6.000000e+00; 2.100000e+01; 1.600000e+01; 1.900000e+01; 2.800000e+01; 9.000000e+00; 8.000000e+00; 2.200000e+01; 4.100000e+01; 3.800000e+01; 3.000000e+01; 2.600000e+01; 2.600000e+01; 1.800000e+01; 3.600000e+01; 1.600000e+01; 3.900000e+01; 3.600000e+01; 3.300000e+01; 3.800000e+01; 1.900000e+01; 3.000000e+01; 3.600000e+01; 4.800000e+01; 5.300000e+01; 1.200000e+01; 2.000000e+01; 3.800000e+01; 3.200000e+01; 2.100000e+01; 2.200000e+01; 3.700000e+01; 1.700000e+01; 2.600000e+01; 9.000000e+00; 0.000000e+00; 2.300000e+01; 2.300000e+01; 3.100000e+01; 9.000000e+00; 
1.200000e+01; 2.400000e+01; 2.800000e+01; 2.900000e+01; 2.900000e+01; 8.000000e+00; 1.100000e+01; 9.000000e+00; 3.400000e+01; 4.200000e+01; 2.200000e+01; 2.300000e+01; 3.600000e+01; 1.800000e+01; 4.000000e+01; 3.000000e+01; 3.200000e+01; 2.300000e+01; 4.300000e+01; 3.200000e+01; 3.900000e+01; 1.700000e+01; 9.000000e+00; 1.700000e+01; 2.400000e+01; 1.300000e+01; 8.000000e+00; 2.100000e+01; 3.300000e+01; 4.300000e+01; 1.800000e+01; 1.500000e+01; 4.900000e+01; 4.200000e+01; 3.700000e+01; 4.000000e+01; 3.300000e+01; 2.800000e+01; 5.200000e+01; 5.200000e+01; 4.000000e+01; 4.500000e+01; 2.100000e+01; 4.000000e+01; 4.700000e+01; 1.700000e+01; 2.300000e+01; 0.000000e+00; 3.500000e+01; 3.500000e+01; 1.500000e+01; 
2.600000e+01; 2.100000e+01; 3.600000e+01; 2.800000e+01; 8.000000e+00; 3.300000e+01; 4.600000e+01; 3.800000e+01; 6.000000e+00; 7.000000e+00; 1.400000e+01; 1.700000e+01; 4.300000e+01; 3.800000e+01; 1.600000e+01; 1.300000e+01; 2.100000e+01; 3.100000e+01; 3.800000e+01; 3.100000e+01; 1.900000e+01; 2.900000e+01; 4.300000e+01; 4.600000e+01; 4.200000e+01; 4.500000e+01; 2.600000e+01; 3.900000e+01; 2.200000e+01; 1.000000e+01; 4.200000e+01; 2.000000e+01; 1.800000e+01; 1.300000e+01; 3.700000e+01; 4.300000e+01; 1.700000e+01; 7.000000e+00; 1.700000e+01; 4.800000e+01; 3.900000e+01; 3.200000e+01; 5.600000e+01; 2.200000e+01; 2.000000e+01; 1.900000e+01; 2.300000e+01; 3.500000e+01; 0.000000e+00; 1.200000e+01; 2.100000e+01; 
2.400000e+01; 1.300000e+01; 2.700000e+01; 3.700000e+01; 1.700000e+01; 3.600000e+01; 4.600000e+01; 3.500000e+01; 5.000000e+00; 1.600000e+01; 1.400000e+01; 2.500000e+01; 5.200000e+01; 4.400000e+01; 2.900000e+01; 5.000000e+00; 3.200000e+01; 3.900000e+01; 4.900000e+01; 2.100000e+01; 7.000000e+00; 2.400000e+01; 4.400000e+01; 5.000000e+01; 4.900000e+01; 4.200000e+01; 2.800000e+01; 3.200000e+01; 1.100000e+01; 1.000000e+01; 3.700000e+01; 2.000000e+01; 2.800000e+01; 6.000000e+00; 2.600000e+01; 3.200000e+01; 2.800000e+01; 1.100000e+01; 2.200000e+01; 5.900000e+01; 5.000000e+01; 4.400000e+01; 5.700000e+01; 3.400000e+01; 3.100000e+01; 2.400000e+01; 3.100000e+01; 3.500000e+01; 1.200000e+01; 0.000000e+00; 2.600000e+01; 
1.300000e+01; 2.100000e+01; 3.200000e+01; 1.700000e+01; 1.400000e+01; 1.100000e+01; 2.600000e+01; 2.200000e+01; 2.300000e+01; 2.800000e+01; 1.200000e+01; 8.000000e+00; 2.900000e+01; 1.800000e+01; 2.400000e+01; 2.200000e+01; 1.700000e+01; 1.400000e+01; 3.100000e+01; 3.200000e+01; 3.200000e+01; 2.000000e+01; 2.200000e+01; 2.500000e+01; 2.300000e+01; 2.800000e+01; 8.000000e+00; 2.900000e+01; 2.900000e+01; 3.000000e+01; 2.900000e+01; 1.000000e+01; 3.400000e+01; 3.100000e+01; 3.900000e+01; 4.300000e+01; 1.800000e+01; 1.500000e+01; 3.800000e+01; 4.200000e+01; 3.000000e+01; 3.100000e+01; 3.400000e+01; 2.500000e+01; 3.100000e+01; 2.000000e+00; 9.000000e+00; 1.500000e+01; 2.100000e+01; 2.600000e+01; 0.000000e+00; 
Recursion step 1:
Costs:
0.000000e+00; 2.350000e+01; 3.059091e+01; 2.351515e+01; 3.518182e+01; 2.940909e+01; 2.522727e+01; 2.145455e+01; 4.372727e+01; 3.690909e+01; 2.900000e+01; 2.536364e+01; 4.554545e+01; 1.759091e+01; 4.318182e+01; 2.813636e+01; 1.890909e+01; 3.140909e+01; 3.113636e+01; 1.709091e+01; 
2.350000e+01; 0.000000e+00; 4.750000e+01; 3.116667e+01; 3.800000e+01; 2.575000e+01; 4.300000e+01; 3.900000e+01; 6.175000e+01; 4.900000e+01; 4.975000e+01; 4.575000e+01; 6.583333e+01; 1.675000e+01; 4.825000e+01; 1.550000e+01; 3.125000e+01; 5.225000e+01; 1.025000e+01; 3.175000e+01; 
3.059091e+01; 4.750000e+01; 0.000000e+00; 2.166667e+01; 3.050000e+01; 3.675000e+01; 3.800000e+01; 1.025000e+01; 1.475000e+01; 1.375000e+01; 1.975000e+01; 1.275000e+01; 2.116667e+01; 4.375000e+01; 3.050000e+01; 4.400000e+01; 4.100000e+01; 3.050000e+01; 5.675000e+01; 1.600000e+01; 
2.351515e+01; 3.116667e+01; 2.166667e+01; 0.000000e+00; 1.366667e+01; 1.583333e+01; 4.316667e+01; 1.850000e+01; 3.383333e+01; 1.850000e+01; 3.533333e+01; 2.783333e+01; 4.222222e+01; 3.500000e+01; 2.083333e+01; 2.333333e+01; 3.966667e+01; 4.350000e+01; 4.033333e+01; 1.216667e+01; 
3.518182e+01; 3.800000e+01; 3.050000e+01; 1.366667e+01; 0.000000e+00; 1.375000e+01; 5.675000e+01; 3.025000e+01; 3.950000e+01; 2.075000e+01; 4.700000e+01; 3.925000e+01; 5.066667e+01; 4.550000e+01; 1.200000e+01; 2.450000e+01; 5.225000e+01; 5.600000e+01; 4.625000e+01; 2.500000e+01; 
2.940909e+01; 2.575000e+01; 3.675000e+01; 1.583333e+01; 1.375000e+01; 0.000000e+00; 5.300000e+01; 3.300000e+01; 4.875000e+01; 3.150000e+01; 4.950000e+01; 4.250000e+01; 5.733333e+01; 3.625000e+01; 2.425000e+01; 1.200000e+01; 4.600000e+01; 5.650000e+01; 3.350000e+01; 2.550000e+01; 
2.522727e+01; 4.300000e+01; 3.800000e+01; 4.316667e+01; 5.675000e+01; 5.300000e+01; 0.000000e+00; 3.000000e+01; 4.750000e+01; 5.025000e+01; 2.200000e+01; 2.550000e+01; 4.250000e+01; 2.750000e+01; 6.250000e+01; 5.200000e+01; 1.350000e+01; 1.525000e+01; 4.850000e+01; 3.200000e+01; 
2.145455e+01; 3.900000e+01; 1.025000e+01; 1.850000e+01; 3.025000e+01; 3.300000e+01; 3.000000e+01; 0.000000e+00; 2.325000e+01; 1.975000e+01; 1.725000e+01; 1.000000e+01; 2.700000e+01; 3.425000e+01; 3.350000e+01; 3.775000e+01; 3.150000e+01; 2.625000e+01; 4.800000e+01; 8.250000e+00; 
4.372727e+01; 6.175000e+01; 1.475000e+01; 3.383333e+01; 3.950000e+01; 4.875000e+01; 4.750000e+01; 2.325000e+01; 0.000000e+00; 1.925000e+01; 2.600000e+01; 2.225000e+01; 1.400000e+01; 5.750000e+01; 3.700000e+01; 5.675000e+01; 5.275000e+01; 3.625000e+01; 7.075000e+01; 3.000000e+01; 
3.690909e+01; 4.900000e+01; 1.375000e+01; 1.850000e+01; 2.075000e+01; 3.150000e+01; 5.025000e+01; 1.975000e+01; 1.925000e+01; 0.000000e+00; 3.375000e+01; 2.650000e+01; 3.100000e+01; 5.050000e+01; 1.825000e+01; 4.100000e+01; 5.075000e+01; 4.425000e+01; 5.875000e+01; 2.150000e+01; 
2.900000e+01; 4.975000e+01; 1.975000e+01; 3.533333e+01; 4.700000e+01; 4.950000e+01; 2.200000e+01; 1.725000e+01; 2.600000e+01; 3.375000e+01; 0.000000e+00; 8.250000e+00; 2.066667e+01; 3.950000e+01; 5.000000e+01; 5.275000e+01; 2.975000e+01; 1.075000e+01; 5.800000e+01; 2.400000e+01; 
2.536364e+01; 4.575000e+01; 1.275000e+01; 2.783333e+01; 3.925000e+01; 4.250000e+01; 2.550000e+01; 1.000000e+01; 2.225000e+01; 2.650000e+01; 8.250000e+00; 0.000000e+00; 2.100000e+01; 3.750000e+01; 4.175000e+01; 4.650000e+01; 3.075000e+01; 1.775000e+01; 5.425000e+01; 1.700000e+01; 
4.554545e+01; 6.583333e+01; 2.116667e+01; 4.222222e+01; 5.066667e+01; 5.733333e+01; 4.250000e+01; 2.700000e+01; 1.400000e+01; 3.100000e+01; 2.066667e+01; 2.100000e+01; 0.000000e+00; 5.866667e+01; 4.883333e+01; 6.400000e+01; 5.066667e+01; 2.950000e+01; 7.483333e+01; 3.483333e+01; 
1.759091e+01; 1.675000e+01; 4.375000e+01; 3.500000e+01; 4.550000e+01; 3.625000e+01; 2.750000e+01; 3.425000e+01; 5.750000e+01; 5.050000e+01; 3.950000e+01; 3.750000e+01; 5.866667e+01; 0.000000e+00; 5.500000e+01; 3.000000e+01; 1.500000e+01; 3.875000e+01; 2.100000e+01; 2.950000e+01; 
4.318182e+01; 4.825000e+01; 3.050000e+01; 2.083333e+01; 1.200000e+01; 2.425000e+01; 6.250000e+01; 3.350000e+01; 3.700000e+01; 1.825000e+01; 5.000000e+01; 4.175000e+01; 4.883333e+01; 5.500000e+01; 0.000000e+00; 3.525000e+01; 5.975000e+01; 5.950000e+01; 5.675000e+01; 3.050000e+01; 
2.813636e+01; 1.550000e+01; 4.400000e+01; 2.333333e+01; 2.450000e+01; 1.200000e+01; 5.200000e+01; 3.775000e+01; 5.675000e+01; 4.100000e+01; 5.275000e+01; 4.650000e+01; 6.400000e+01; 3.000000e+01; 3.525000e+01; 0.000000e+00; 4.225000e+01; 5.800000e+01; 2.250000e+01; 2.950000e+01; 
1.890909e+01; 3.125000e+01; 4.100000e+01; 3.966667e+01; 5.225000e+01; 4.600000e+01; 1.350000e+01; 3.150000e+01; 5.275000e+01; 5.075000e+01; 2.975000e+01; 3.075000e+01; 5.066667e+01; 1.500000e+01; 5.975000e+01; 4.225000e+01; 0.000000e+00; 2.575000e+01; 3.600000e+01; 2.950000e+01; 
3.140909e+01; 5.225000e+01; 3.050000e+01; 4.350000e+01; 5.600000e+01; 5.650000e+01; 1.525000e+01; 2.625000e+01; 3.625000e+01; 4.425000e+01; 1.075000e+01; 1.775000e+01; 2.950000e+01; 3.875000e+01; 5.950000e+01; 5.800000e+01; 2.575000e+01; 0.000000e+00; 5.900000e+01; 3.150000e+01; 
3.113636e+01; 1.025000e+01; 5.675000e+01; 4.033333e+01; 4.625000e+01; 3.350000e+01; 4.850000e+01; 4.800000e+01; 7.075000e+01; 5.875000e+01; 5.800000e+01; 5.425000e+01; 7.483333e+01; 2.100000e+01; 5.675000e+01; 2.250000e+01; 3.600000e+01; 5.900000e+01; 0.000000e+00; 4.075000e+01; 
1.709091e+01; 3.175000e+01; 1.600000e+01; 1.216667e+01; 2.500000e+01; 2.550000e+01; 3.200000e+01; 8.250000e+00; 3.000000e+01; 2.150000e+01; 2.400000e+01; 1.700000e+01; 3.483333e+01; 2.950000e+01; 3.050000e+01; 2.950000e+01; 2.950000e+01; 3.150000e+01; 4.075000e+01; 0.000000e+00; 
Recursion step 2:
Costs:
0.000000e+00; 2.309659e+01; 4.043750e+01; 2.627652e+01; 4.471591e+01; 3.094886e+01; 2.165909e+01; 2.964205e+01; 5.135985e+01; 3.466477e+01; 
2.309659e+01; 0.000000e+00; 5.300000e+01; 3.600000e+01; 4.731250e+01; 2.431250e+01; 3.968750e+01; 4.675000e+01; 6.829167e+01; 5.475000e+01; 
4.043750e+01; 5.300000e+01; 0.000000e+00; 1.941667e+01; 2.500000e+01; 3.831250e+01; 4.500000e+01; 1.731250e+01; 2.154167e+01; 3.206250e+01; 
2.627652e+01; 3.600000e+01; 1.941667e+01; 0.000000e+00; 2.250000e+01; 2.354167e+01; 3.608333e+01; 1.789583e+01; 3.522222e+01; 3.358333e+01; 
4.471591e+01; 4.731250e+01; 2.500000e+01; 2.250000e+01; 0.000000e+00; 2.443750e+01; 5.781250e+01; 3.618750e+01; 4.400000e+01; 5.312500e+01; 
3.094886e+01; 2.431250e+01; 3.831250e+01; 2.354167e+01; 2.443750e+01; 0.000000e+00; 4.831250e+01; 3.993750e+01; 5.670833e+01; 5.418750e+01; 
2.165909e+01; 3.968750e+01; 4.500000e+01; 3.608333e+01; 5.781250e+01; 4.831250e+01; 0.000000e+00; 2.943750e+01; 4.835417e+01; 2.318750e+01; 
2.964205e+01; 4.675000e+01; 1.731250e+01; 1.789583e+01; 3.618750e+01; 3.993750e+01; 2.943750e+01; 0.000000e+00; 2.337500e+01; 1.737500e+01; 
5.135985e+01; 6.829167e+01; 2.154167e+01; 3.522222e+01; 4.400000e+01; 5.670833e+01; 4.835417e+01; 2.337500e+01; 0.000000e+00; 2.810417e+01; 
3.466477e+01; 5.475000e+01; 3.206250e+01; 3.358333e+01; 5.312500e+01; 5.418750e+01; 2.318750e+01; 1.737500e+01; 2.810417e+01; 0.000000e+00; 
Recursion step 3:
Costs:
0.000000e+00; 3.551136e+01; 4.628788e+01; 4.122206e+01; 2.923295e+01; 
3.551136e+01; 0.000000e+00; 5.407812e+01; 3.282292e+01; 4.890625e+01; 
4.628788e+01; 5.407812e+01; 0.000000e+00; 3.090972e+01; 2.521354e+01; 
4.122206e+01; 3.282292e+01; 3.090972e+01; 0.000000e+00; 3.519792e+01; 
2.923295e+01; 4.890625e+01; 2.521354e+01; 3.519792e+01; 0.000000e+00; 
