Recursion step 0:
Partitions:
0; 72; 
1; 29; 
2; 31; 43; 
3; 74; 75; 
4; 46; 47; 
5; 67; 
6; 34; 52; 
7; 18; 
8; 38; 
9; 30; 
10; 65; 
11; 39; 
12; 53; 
13; 58; 
14; 56; 
15; 32; 62; 
16; 50; 
17; 49; 
19; 36; 
20; 60; 
21; 61; 
22; 55; 
23; 48; 
24; 54; 
25; 66; 
26; 51; 
27; 73; 
28; 44; 
33; 45; 
35; 68; 
37; 64; 
40; 42; 
41; 63; 
57; 71; 
59; 70; 69; 
Recursion step 1:
Partitions:
0; 15; 
1; 5; 
2; 8; 
3; 24; 
4; 27; 
6; 7; 13; 
9; 33; 
10; 30; 
11; 16; 
12; 14; 
17; 23; 
18; 34; 
19; 29; 
20; 26; 
21; 22; 
25; 28; 
31; 32; 
Recursion step 2:
Partitions:
0; 16; 14; 
1; 13; 
2; 10; 
3; 8; 
4; 9; 
5; 15; 
6; 7; 
11; 12; 
Recursion step 3:
Partitions:
0; 1; 
2; 6; 
3; 5; 
4; 7; 
Recursion step 4:
Partitions:
0; 3; 
1; 2; 
Recursion step 5:
