Recursion step 0:
Partitions:
0; 1221; 
1; 1335; 1385; 1239; 1347; 1391; 1281; 
2; 41; 
3; 1399; 
4; 11; 218; 
5; 212; 
6; 7; 
8; 10; 9; 
12; 200; 
13; 220; 
14; 18; 221; 
15; 222; 20; 
16; 23; 
17; 119; 
19; 118; 224; 
21; 227; 22; 
24; 122; 226; 
25; 203; 
26; 130; 32; 
27; 29; 205; 
28; 230; 
30; 233; 
31; 125; 229; 
33; 235; 
34; 206; 
35; 234; 131; 
36; 38; 
37; 39; 
40; 43; 
42; 243; 
44; 46; 
45; 48; 
47; 247; 50; 
49; 52; 
51; 249; 
53; 152; 
54; 254; 
55; 58; 
56; 255; 
57; 155; 157; 
59; 256; 
60; 258; 
61; 165; 263; 
62; 261; 163; 
63; 264; 
64; 268; 
65; 166; 
66; 73; 
67; 168; 266; 
68; 270; 72; 
69; 177; 272; 
70; 273; 
71; 181; 
74; 274; 
75; 106; 
76; 277; 80; 
77; 279; 
78; 276; 
79; 210; 
81; 278; 
82; 282; 89; 
83; 283; 
84; 280; 
85; 285; 188; 
86; 286; 
87; 91; 
88; 192; 
90; 284; 
92; 96; 
93; 198; 97; 
94; 189; 
95; 293; 
98; 289; 
99; 100; 
101; 103; 
102; 104; 
105; 294; 
107; 108; 
109; 213; 
110; 113; 214; 
111; 112; 
114; 215; 
115; 216; 
116; 217; 
117; 219; 
120; 202; 
121; 223; 
123; 124; 
126; 228; 
127; 204; 
128; 231; 
129; 232; 
132; 207; 
133; 140; 238; 
134; 236; 
135; 237; 
136; 139; 
137; 239; 
138; 240; 
141; 241; 
142; 242; 
143; 208; 
144; 244; 
145; 147; 
146; 245; 
148; 246; 
149; 248; 
150; 250; 
151; 251; 
153; 252; 
154; 253; 
156; 257; 
158; 161; 160; 
159; 259; 
162; 260; 
164; 262; 
167; 174; 269; 
169; 209; 
170; 171; 265; 
172; 267; 
173; 178; 
175; 271; 
176; 180; 
179; 275; 
182; 281; 
183; 287; 186; 
184; 288; 
185; 197; 
187; 193; 
190; 290; 
191; 291; 
194; 292; 
195; 196; 
199; 211; 
201; 225; 
295; 420; 358; 
296; 394; 468; 334; 444; 359; 
297; 469; 360; 445; 335; 421; 395; 
298; 492; 
299; 423; 
300; 363; 471; 
301; 424; 
302; 472; 
303; 399; 425; 365; 497; 305; 448; 400; 426; 367; 307; 498; 402; 450; 308; 429; 343; 477; 309; 403; 451; 369; 475; 306; 401; 339; 473; 
304; 496; 
310; 500; 
311; 431; 374; 344; 502; 313; 373; 430; 404; 478; 
312; 375; 479; 
314; 454; 406; 346; 456; 317; 435; 409; 457; 378; 481; 315; 455; 407; 433; 347; 505; 377; 480; 
316; 504; 408; 482; 380; 349; 507; 411; 437; 383; 509; 351; 485; 384; 461; 324; 487; 387; 463; 327; 390; 489; 415; 441; 326; 389; 464; 416; 512; 388; 440; 354; 488; 414; 325; 510; 385; 438; 322; 508; 350; 436; 382; 319; 506; 348; 434; 379; 
318; 483; 
320; 484; 
321; 459; 381; 
323; 460; 412; 
328; 442; 391; 
329; 417; 465; 330; 491; 357; 443; 392; 490; 
331; 514; 418; 
332; 419; 515; 
333; 393; 467; 
336; 446; 398; 494; 
337; 447; 
338; 364; 
340; 474; 
341; 427; 368; 499; 
342; 476; 371; 452; 
345; 503; 
352; 462; 
353; 511; 
355; 513; 
356; 466; 
361; 422; 
362; 495; 
366; 449; 
370; 428; 
372; 453; 
376; 432; 
386; 486; 
396; 470; 
397; 493; 
405; 501; 
410; 458; 
413; 439; 
516; 615; 517; 689; 555; 641; 579; 
518; 581; 
519; 713; 617; 
520; 714; 
521; 692; 558; 644; 618; 666; 
522; 645; 559; 717; 585; 525; 647; 621; 669; 586; 693; 619; 715; 
523; 716; 
524; 587; 527; 670; 622; 526; 718; 560; 646; 620; 694; 
528; 588; 719; 
529; 720; 589; 695; 561; 671; 623; 697; 
530; 698; 
531; 594; 651; 
532; 699; 595; 652; 
533; 626; 566; 700; 596; 
534; 723; 565; 675; 627; 701; 567; 725; 597; 653; 
535; 724; 
536; 676; 
537; 600; 
538; 656; 601; 728; 570; 704; 630; 726; 568; 702; 628; 654; 598; 677; 
539; 599; 678; 
540; 657; 603; 571; 729; 543; 659; 633; 707; 607; 683; 573; 606; 731; 546; 609; 733; 575; 661; 635; 709; 547; 662; 610; 734; 576; 686; 611; 710; 636; 732; 574; 660; 544; 681; 604; 705; 541; 679; 631; 727; 
542; 706; 
545; 708; 634; 
548; 684; 608; 
549; 663; 577; 687; 639; 553; 736; 640; 578; 712; 551; 638; 664; 613; 711; 637; 
550; 685; 
552; 612; 735; 
554; 688; 614; 
556; 642; 616; 690; 
557; 691; 
562; 648; 
563; 673; 
564; 722; 
569; 703; 
572; 730; 
580; 665; 
582; 643; 
583; 667; 
584; 668; 
590; 696; 
591; 649; 
592; 650; 
593; 674; 
602; 680; 
605; 682; 
624; 672; 
625; 721; 
629; 655; 
632; 658; 
737; 836; 
738; 801; 886; 776; 910; 
739; 911; 802; 887; 777; 863; 837; 
740; 803; 864; 
741; 935; 839; 865; 779; 804; 937; 744; 888; 840; 914; 780; 866; 743; 936; 778; 912; 
742; 913; 
745; 889; 805; 
746; 938; 806; 
747; 869; 810; 941; 783; 893; 845; 871; 750; 892; 782; 916; 842; 890; 
748; 843; 939; 807; 867; 781; 808; 891; 
749; 940; 
751; 919; 785; 895; 814; 
752; 872; 815; 755; 874; 788; 818; 758; 946; 850; 898; 819; 875; 756; 922; 848; 944; 786; 896; 816; 945; 787; 817; 921; 754; 847; 943; 813; 894; 784; 870; 812; 942; 
753; 873; 
757; 897; 
759; 947; 789; 820; 760; 899; 851; 925; 823; 901; 853; 949; 791; 877; 
761; 824; 878; 
762; 926; 
763; 826; 
764; 880; 854; 950; 
765; 881; 
766; 903; 
767; 827; 952; 
768; 883; 831; 955; 797; 931; 857; 953; 
769; 905; 829; 
770; 884; 
771; 932; 834; 908; 860; 798; 858; 906; 
772; 933; 835; 799; 885; 859; 
773; 956; 833; 
774; 957; 
775; 909; 861; 
790; 924; 822; 900; 852; 948; 821; 876; 
792; 902; 
793; 927; 
794; 928; 
795; 929; 
796; 954; 
800; 862; 
809; 868; 
811; 917; 
825; 879; 
828; 904; 
830; 882; 
832; 907; 
838; 934; 
841; 915; 
844; 918; 
846; 920; 
849; 923; 
855; 951; 
856; 930; 
958; 1057; 1131; 997; 1083; 
959; 1058; 960; 1132; 1023; 963; 1108; 998; 1060; 1156; 1022; 1084; 
961; 1024; 1085; 
962; 1133; 
964; 1087; 
965; 1088; 1028; 1135; 
966; 1136; 1002; 1112; 1029; 
967; 1089; 1063; 1111; 1001; 1159; 1027; 
968; 1160; 
969; 1138; 
970; 1030; 1161; 
971; 1139; 1065; 1091; 1033; 1163; 1067; 1115; 1005; 1034; 1092; 
972; 1035; 1140; 1066; 1162; 1004; 1114; 1032; 
973; 1093; 1036; 
974; 1141; 
975; 1142; 1068; 1116; 
976; 1165; 
977; 1096; 1040; 1168; 1072; 1120; 1041; 978; 1144; 1010; 1070; 1166; 1008; 1094; 1037; 1007; 1117; 1069; 1095; 1039; 1167; 979; 1071; 1097; 1011; 1145; 980; 1119; 1009; 1143; 
981; 1044; 1146; 
982; 1169; 1042; 
983; 1100; 1014; 1076; 1124; 1047; 1148; 984; 1122; 1074; 1170; 1043; 1121; 1073; 1147; 
985; 1101; 
986; 1172; 
987; 1150; 
988; 1048; 1173; 1077; 1125; 1049; 1102; 1016; 1174; 1078; 1152; 1053; 1128; 1080; 1176; 1018; 1104; 989; 1151; 1052; 1127; 1017; 1079; 991; 1175; 1051; 1103; 
990; 1050; 1126; 
992; 1106; 1020; 1178; 995; 1129; 1019; 1055; 1153; 
993; 1154; 1056; 
994; 1081; 1177; 
996; 1130; 1082; 
999; 1157; 
1000; 1158; 1062; 1110; 1026; 1134; 
1003; 1137; 
1006; 1164; 
1012; 1098; 
1013; 1171; 1045; 1099; 
1015; 1149; 1075; 
1021; 1155; 
1025; 1086; 
1031; 1113; 
1038; 1118; 
1046; 1123; 
1054; 1105; 
1059; 1107; 
1061; 1109; 
1064; 1090; 
1179; 1299; 1371; 
1180; 1300; 
1181; 1301; 
1182; 1312; 1183; 
1184; 1303; 1203; 
1185; 1204; 
1186; 1187; 
1188; 1372; 
1189; 1330; 
1190; 1316; 
1191; 1306; 
1192; 1307; 
1193; 1194; 1317; 
1195; 1207; 
1196; 1208; 1309; 
1197; 1198; 
1199; 1374; 
1200; 1334; 
1201; 1222; 
1202; 1302; 
1205; 1231; 
1206; 1308; 
1209; 1321; 
1210; 1223; 
1211; 1381; 
1212; 1328; 
1213; 1329; 
1214; 1314; 
1215; 1324; 
1216; 1232; 
1217; 1382; 
1218; 1332; 
1219; 1333; 
1220; 1319; 
1224; 1322; 
1225; 1226; 
1227; 1327; 1383; 
1228; 1229; 
1230; 1379; 
1233; 1325; 
1234; 1235; 
1236; 1384; 1331; 
1237; 1238; 
1240; 1336; 
1241; 1337; 
1242; 1348; 1243; 
1244; 1339; 1263; 
1245; 1264; 
1246; 1247; 
1248; 1386; 
1249; 1366; 
1250; 1352; 
1251; 1342; 
1252; 1343; 
1253; 1353; 1254; 
1255; 1267; 
1256; 1345; 1268; 
1257; 1258; 
1259; 1388; 
1260; 1370; 
1261; 1282; 
1262; 1338; 
1265; 1291; 
1266; 1344; 
1269; 1357; 
1270; 1283; 
1271; 1395; 
1272; 1364; 
1273; 1365; 
1274; 1350; 
1275; 1360; 
1276; 1292; 
1277; 1396; 
1278; 1368; 
1279; 1369; 
1280; 1355; 
1284; 1358; 
1285; 1286; 
1287; 1397; 1363; 
1288; 1289; 
1290; 1393; 
1293; 1361; 
1294; 1295; 
1296; 1398; 1367; 
1297; 1298; 
1304; 1323; 
1305; 1373; 
1310; 1326; 
1311; 1377; 
1313; 1375; 
1315; 1378; 
1318; 1376; 
1320; 1380; 
1340; 1359; 
1341; 1387; 
1346; 1362; 
1349; 1389; 
1351; 1392; 
1354; 1390; 
1356; 1394; 
Recursion step 1:
Partitions:
0; 416; 
1; 371; 
2; 98; 97; 
3; 133; 
4; 9; 14; 78; 79; 
5; 6; 
7; 80; 
8; 10; 83; 
11; 89; 
12; 86; 22; 
13; 82; 
15; 19; 
16; 134; 
17; 20; 
18; 23; 
21; 96; 
24; 93; 
25; 92; 
26; 99; 
27; 100; 
28; 94; 95; 
29; 102; 103; 
30; 33; 
31; 32; 
34; 108; 35; 
36; 110; 
37; 39; 41; 
38; 40; 
42; 43; 
44; 54; 115; 
45; 53; 
46; 127; 
47; 50; 
48; 119; 
49; 121; 
51; 56; 
52; 62; 
55; 67; 
57; 120; 
58; 117; 
59; 64; 
60; 66; 
61; 128; 
63; 124; 
65; 125; 
68; 69; 
70; 72; 
71; 132; 131; 
73; 129; 
74; 75; 
76; 77; 
81; 365; 
84; 360; 
85; 88; 87; 
90; 91; 
101; 113; 
104; 107; 
105; 106; 
109; 111; 
112; 114; 
116; 123; 
118; 122; 
126; 130; 
135; 136; 
137; 178; 
138; 170; 
139; 177; 
140; 160; 
141; 159; 
142; 171; 
143; 172; 
144; 161; 
145; 146; 
147; 165; 
148; 175; 
149; 153; 
150; 152; 
151; 180; 
154; 169; 156; 
155; 168; 
157; 158; 
162; 163; 
164; 173; 
166; 176; 
167; 181; 
174; 179; 
182; 184; 
183; 210; 
185; 217; 
186; 220; 
187; 189; 
188; 219; 
190; 222; 
191; 223; 
192; 227; 
193; 196; 
194; 197; 
195; 198; 
199; 229; 215; 
200; 201; 
202; 205; 
203; 225; 
204; 226; 
206; 209; 
207; 208; 
211; 218; 
212; 221; 
213; 228; 
214; 224; 
216; 230; 
231; 268; 
232; 233; 
234; 275; 235; 
236; 237; 
238; 269; 
239; 242; 270; 
240; 276; 
241; 277; 
243; 244; 278; 
245; 279; 
246; 262; 
247; 250; 263; 
248; 271; 
249; 252; 264; 
251; 280; 
253; 281; 
254; 274; 
255; 266; 
256; 259; 
257; 260; 
258; 261; 
265; 272; 
267; 273; 
282; 319; 
283; 320; 285; 325; 
284; 312; 
286; 289; 
287; 326; 
288; 313; 
290; 327; 
291; 294; 
292; 293; 
295; 296; 315; 297; 322; 299; 298; 
300; 316; 
301; 317; 
302; 323; 304; 
303; 318; 
305; 307; 
306; 308; 
309; 311; 
310; 324; 
314; 321; 
328; 329; 
330; 351; 
331; 352; 362; 
332; 364; 
333; 353; 417; 
334; 354; 355; 
335; 418; 
336; 413; 
337; 338; 
339; 357; 
340; 358; 367; 
341; 369; 
342; 370; 
343; 361; 
344; 420; 
345; 415; 
346; 350; 
347; 363; 
348; 356; 
349; 368; 
359; 419; 
366; 414; 
372; 393; 
373; 394; 404; 
374; 406; 
375; 407; 
376; 397; 396; 
377; 425; 
378; 421; 
379; 380; 
381; 399; 
382; 400; 409; 
383; 411; 
384; 412; 
385; 402; 403; 
386; 427; 
387; 423; 
388; 392; 
389; 405; 
390; 398; 
391; 410; 
395; 424; 
401; 426; 
408; 422; 
Recursion step 2:
Partitions:
0; 152; 
1; 189; 174; 
2; 19; 
3; 150; 
4; 11; 
5; 8; 
6; 9; 
7; 10; 
12; 16; 
13; 17; 
14; 54; 
15; 53; 
18; 20; 
21; 23; 
22; 57; 
24; 56; 
25; 26; 
27; 58; 
28; 59; 
29; 55; 
30; 38; 
31; 34; 
32; 35; 33; 
36; 39; 
37; 60; 43; 40; 46; 50; 45; 
41; 42; 
44; 61; 
47; 49; 
48; 62; 
51; 155; 
52; 165; 
63; 65; 
64; 67; 
66; 69; 
68; 71; 
70; 81; 
72; 82; 
73; 85; 
74; 76; 
75; 77; 
78; 80; 79; 
83; 84; 
86; 105; 
87; 89; 88; 
90; 91; 
92; 93; 108; 97; 96; 95; 107; 
94; 106; 
98; 99; 
100; 102; 
101; 109; 
103; 104; 
110; 111; 112; 
113; 116; 
114; 115; 117; 
118; 119; 
120; 122; 121; 
123; 124; 
125; 131; 
126; 127; 
128; 132; 
129; 130; 
133; 134; 
135; 136; 
137; 138; 
139; 140; 
141; 151; 
142; 143; 
144; 146; 
145; 147; 
148; 149; 
153; 168; 
154; 169; 
156; 157; 
158; 159; 
160; 173; 170; 
161; 162; 
163; 171; 
164; 172; 
166; 167; 
175; 190; 
176; 177; 
178; 193; 
179; 180; 
181; 195; 
182; 191; 
183; 192; 
184; 185; 
186; 194; 
187; 188; 
Recursion step 3:
Partitions:
0; 70; 
1; 79; 
2; 30; 78; 
3; 69; 
4; 9; 
5; 11; 
6; 8; 
7; 10; 
12; 19; 
13; 18; 17; 
14; 15; 16; 
20; 25; 
21; 24; 
22; 26; 28; 
23; 27; 
29; 71; 
31; 33; 32; 
34; 35; 
36; 37; 
38; 39; 
40; 41; 
42; 44; 43; 
45; 46; 
47; 49; 
48; 50; 
51; 52; 82; 
53; 54; 
55; 56; 
57; 58; 
59; 60; 
61; 62; 63; 
64; 65; 
66; 67; 68; 
72; 73; 
74; 75; 
76; 77; 
80; 81; 
83; 84; 
85; 86; 
87; 88; 
Recursion step 4:
Partitions:
0; 15; 
1; 36; 
2; 21; 22; 
3; 32; 
4; 6; 
5; 7; 
8; 33; 
9; 10; 
11; 14; 
12; 13; 
16; 17; 18; 
19; 20; 
23; 24; 
25; 26; 
27; 29; 28; 
30; 31; 39; 
34; 35; 
37; 38; 
Recursion step 5:
