Recursion step 0:
Partitions:
0; 1; 
2; 4; 3; 
5; 6; 10; 
7; 15; 16; 
8; 9; 
11; 12; 13; 14; 25; 46; 51; 47; 60; 61; 50; 48; 35; 49; 34; 
17; 18; 
19; 20; 
21; 22; 
23; 24; 
26; 33; 
27; 32; 
28; 31; 
29; 30; 
36; 54; 45; 
37; 44; 
38; 43; 
39; 42; 
40; 41; 
52; 53; 72; 71; 
55; 56; 57; 
58; 59; 
62; 63; 
64; 88; 65; 
66; 87; 
67; 68; 85; 86; 
69; 70; 
73; 80; 
74; 77; 78; 
75; 76; 
79; 94; 
81; 82; 
83; 84; 
89; 103; 
90; 104; 
91; 100; 
92; 99; 
93; 98; 
95; 96; 
97; 109; 
101; 102; 
105; 114; 
106; 113; 
107; 112; 
108; 110; 111; 
115; 127; 
116; 126; 
117; 118; 125; 
119; 120; 
121; 122; 
123; 124; 
128; 129; 
130; 131; 
132; 133; 
134; 143; 142; 
135; 136; 137; 
138; 139; 
140; 141; 
144; 145; 
146; 147; 
148; 149; 
150; 151; 
152; 202; 
153; 201; 
154; 200; 
155; 199; 
156; 198; 
157; 159; 158; 
160; 161; 
162; 163; 
164; 165; 
166; 167; 
168; 169; 
170; 171; 
172; 173; 
174; 175; 
176; 177; 
178; 179; 
180; 181; 
182; 183; 
184; 185; 
186; 187; 
188; 189; 
190; 191; 
192; 193; 
194; 195; 
196; 197; 
203; 204; 
205; 206; 
207; 208; 
209; 210; 
211; 212; 
213; 214; 
215; 216; 
217; 218; 
219; 220; 
221; 222; 
223; 224; 
225; 226; 
227; 228; 
229; 230; 
231; 232; 
233; 234; 
235; 236; 
237; 238; 
239; 240; 
241; 242; 
243; 244; 
245; 246; 
247; 248; 
249; 250; 
251; 252; 
253; 254; 
255; 256; 
257; 258; 
259; 260; 
261; 262; 
263; 264; 
265; 266; 
267; 268; 
269; 270; 
271; 272; 
273; 274; 
275; 276; 
277; 278; 
279; 280; 
281; 282; 
283; 284; 
285; 286; 
287; 288; 
289; 290; 
291; 292; 
293; 294; 
295; 296; 
297; 298; 
299; 300; 
301; 302; 
303; 304; 
305; 306; 
307; 308; 
309; 383; 310; 
311; 312; 
313; 314; 
315; 316; 
317; 318; 
319; 320; 
321; 322; 
323; 324; 
325; 326; 
327; 328; 
329; 330; 
331; 332; 
333; 334; 
335; 336; 
337; 338; 
339; 340; 
341; 342; 
343; 344; 
345; 346; 
347; 348; 
349; 350; 
351; 352; 
353; 354; 
355; 356; 
357; 358; 
359; 360; 
361; 362; 
363; 364; 
365; 366; 
367; 368; 
369; 370; 
371; 372; 
373; 374; 
375; 376; 
377; 378; 
379; 380; 
381; 382; 
384; 385; 
386; 387; 
388; 389; 
390; 391; 
392; 393; 
394; 395; 
396; 397; 
398; 399; 
400; 401; 
402; 403; 
404; 405; 
406; 407; 
408; 409; 
410; 411; 
412; 413; 
414; 415; 
416; 417; 
418; 420; 419; 
421; 422; 
423; 424; 
425; 426; 
427; 428; 
429; 430; 482; 
431; 481; 
432; 480; 
433; 479; 
434; 478; 
435; 476; 436; 475; 437; 474; 438; 473; 439; 472; 440; 471; 501; 500; 499; 498; 497; 496; 495; 477; 
441; 448; 
442; 443; 
444; 445; 
446; 447; 
449; 450; 
451; 452; 
453; 454; 
455; 456; 
457; 458; 
459; 460; 
461; 462; 
463; 464; 
465; 466; 
467; 468; 
469; 470; 
483; 484; 
485; 486; 
487; 488; 
489; 503; 
490; 502; 
491; 492; 
493; 494; 
504; 505; 
506; 507; 
508; 509; 
510; 511; 
512; 513; 
514; 515; 
516; 517; 
518; 519; 
520; 521; 
522; 523; 
524; 525; 
526; 527; 
528; 529; 
530; 531; 
532; 533; 
534; 535; 
536; 537; 
538; 539; 
540; 541; 
542; 543; 
544; 545; 
546; 547; 
548; 549; 
550; 551; 
552; 553; 
554; 555; 
556; 557; 
558; 559; 
560; 561; 
562; 563; 
564; 565; 
566; 656; 
567; 655; 
568; 654; 
569; 653; 
570; 652; 
571; 651; 
572; 650; 
573; 649; 
574; 648; 
575; 647; 
576; 646; 
577; 645; 
578; 644; 
579; 643; 
580; 642; 
581; 641; 
582; 640; 
583; 639; 
584; 638; 
585; 637; 
586; 636; 
587; 635; 
588; 634; 
589; 633; 
590; 632; 
591; 631; 
592; 630; 
593; 629; 
594; 628; 
595; 627; 
596; 626; 
597; 625; 598; 
599; 624; 
600; 623; 
601; 622; 
602; 621; 
603; 620; 
604; 619; 
605; 618; 
606; 617; 
607; 616; 
608; 615; 
609; 610; 
611; 612; 
613; 614; 
657; 658; 
659; 660; 
661; 662; 
663; 664; 
665; 666; 
667; 668; 
669; 744; 
670; 743; 
671; 742; 
672; 741; 
673; 740; 
674; 739; 
675; 738; 
676; 737; 
677; 736; 
678; 735; 
679; 734; 
680; 733; 
681; 732; 
682; 731; 
683; 730; 
684; 729; 
685; 728; 
686; 727; 
687; 726; 
688; 725; 
689; 724; 
690; 723; 
691; 722; 
692; 721; 
693; 720; 
694; 719; 
695; 718; 
696; 717; 
697; 716; 
698; 715; 
699; 714; 
700; 713; 
701; 712; 
702; 711; 
703; 710; 
704; 705; 
706; 707; 
708; 709; 
745; 746; 806; 
747; 804; 748; 879; 878; 877; 805; 
749; 803; 880; 
750; 802; 
751; 882; 881; 801; 
752; 753; 884; 799; 
754; 755; 
756; 757; 
758; 759; 
760; 761; 
762; 763; 
764; 765; 
766; 767; 
768; 769; 
770; 771; 
772; 773; 
774; 775; 
776; 777; 
778; 779; 
780; 781; 
782; 783; 
784; 785; 
786; 787; 
788; 789; 
790; 791; 
792; 793; 
794; 795; 
796; 797; 
798; 885; 
800; 883; 
807; 876; 
808; 875; 
809; 810; 
811; 812; 
813; 814; 
815; 816; 
817; 818; 
819; 820; 
821; 822; 
823; 824; 
825; 826; 
827; 828; 
829; 830; 
831; 832; 
833; 834; 
835; 836; 
837; 838; 
839; 840; 
841; 842; 
843; 844; 
845; 846; 
847; 848; 
849; 850; 
851; 852; 
853; 854; 
855; 856; 
857; 858; 
859; 860; 
861; 862; 
863; 864; 
865; 866; 
867; 868; 
869; 870; 
871; 872; 
873; 874; 
886; 887; 
888; 889; 
890; 891; 
892; 893; 
894; 895; 
896; 897; 
898; 899; 
900; 901; 
902; 903; 
904; 905; 
906; 907; 
908; 909; 
910; 911; 
912; 913; 
914; 915; 
916; 917; 
918; 919; 
920; 921; 
922; 923; 
924; 925; 
926; 927; 
928; 933; 
929; 930; 
931; 932; 
934; 935; 
936; 937; 
938; 939; 
940; 981; 978; 
941; 977; 
942; 976; 
943; 944; 
945; 975; 
946; 947; 973; 948; 972; 986; 1007; 1006; 985; 974; 
949; 970; 
950; 969; 
951; 968; 
952; 967; 
953; 989; 1011; 1012; 1013; 991; 965; 990; 966; 
954; 964; 992; 963; 
955; 962; 
956; 961; 
957; 960; 
958; 959; 
971; 988; 995; 1009; 1008; 996; 987; 
979; 980; 
982; 1002; 
983; 1001; 
984; 1000; 
993; 994; 
997; 1049; 1050; 
998; 999; 
1003; 1057; 
1004; 1056; 
1005; 1055; 
1010; 1048; 
1014; 1015; 
1016; 1017; 
1018; 1019; 
1020; 1021; 
1022; 1023; 
1024; 1025; 
1026; 1027; 
1028; 1029; 
1030; 1031; 
1032; 1033; 
1034; 1035; 
1036; 1037; 
1038; 1039; 
1040; 1041; 
1042; 1043; 
1044; 1045; 
1046; 1047; 
1051; 1075; 
1052; 1060; 
1053; 1054; 1076; 1077; 
1058; 1059; 
1061; 1071; 
1062; 1080; 1070; 
1063; 1069; 
1064; 1065; 
1066; 1067; 
1068; 1083; 1085; 1084; 
1072; 1073; 
1074; 1090; 
1078; 1079; 
1081; 1082; 
1086; 1087; 
1088; 1089; 
1091; 1092; 
1093; 1094; 
1095; 1096; 
1097; 1099; 1098; 
1100; 1101; 
1102; 1103; 
1104; 1105; 
1106; 1107; 
1108; 1109; 
1110; 1111; 
1112; 1113; 
1114; 1115; 
1116; 1117; 
1118; 1119; 
1120; 1121; 
1122; 1123; 
1124; 1125; 
1126; 1127; 
1128; 1129; 
1130; 1131; 
1132; 1133; 
1134; 1204; 1135; 
1136; 1203; 
1137; 1138; 
1139; 1140; 
1141; 1142; 
1143; 1144; 
1145; 1146; 
1147; 1148; 
1149; 1150; 
1151; 1152; 
1153; 1154; 
1155; 1156; 
1157; 1158; 
1159; 1160; 
1161; 1162; 
1163; 1164; 
1165; 1166; 
1167; 1168; 
1169; 1170; 
1171; 1172; 
1173; 1174; 
1175; 1176; 
1177; 1178; 
1179; 1180; 
1181; 1182; 
1183; 1184; 
1185; 1186; 
1187; 1188; 
1189; 1190; 
1191; 1192; 
1193; 1194; 
1195; 1196; 
1197; 1198; 
1199; 1200; 
1201; 1202; 
1205; 1294; 
1206; 1293; 
1207; 1292; 
1208; 1291; 
1209; 1290; 
1210; 1289; 
1211; 1288; 
1212; 1287; 
1213; 1286; 
1214; 1285; 
1215; 1284; 
1216; 1283; 
1217; 1218; 
1219; 1310; 
1220; 1311; 
1221; 1280; 
1222; 1370; 1279; 
1223; 1277; 
1224; 1276; 
1225; 1226; 
1227; 1275; 
1228; 1274; 
1229; 1273; 
1230; 1272; 
1231; 1271; 
1232; 1270; 
1233; 1269; 
1234; 1268; 
1235; 1267; 
1236; 1266; 
1237; 1265; 
1238; 1264; 
1239; 1263; 
1240; 1262; 
1241; 1242; 
1243; 1331; 
1244; 1332; 
1245; 1259; 
1246; 1258; 1343; 
1247; 1256; 
1248; 1255; 
1249; 1250; 
1251; 1254; 
1252; 1253; 
1257; 1342; 
1260; 1330; 
1261; 1348; 1329; 
1278; 1369; 
1281; 1309; 
1282; 1308; 1375; 
1295; 1390; 
1296; 1389; 
1297; 1388; 
1298; 1387; 
1299; 1386; 
1300; 1385; 
1301; 1384; 
1302; 1383; 
1303; 1382; 
1304; 1381; 
1305; 1380; 
1306; 1379; 
1307; 1376; 
1312; 1368; 
1313; 1367; 
1314; 1366; 
1315; 1364; 1365; 
1316; 1363; 
1317; 1362; 
1318; 1361; 
1319; 1360; 
1320; 1359; 
1321; 1358; 
1322; 1357; 
1323; 1356; 
1324; 1355; 
1325; 1354; 
1326; 1353; 
1327; 1352; 
1328; 1349; 
1333; 1341; 
1334; 1340; 
1335; 1339; 
1336; 1338; 1337; 
1344; 1345; 
1346; 1347; 
1350; 1351; 
1371; 1372; 
1373; 1374; 
1377; 1378; 
1391; 1439; 
1392; 1440; 
1393; 1441; 
1394; 1442; 
1395; 1443; 
1396; 1444; 
1397; 1445; 
1398; 1446; 
1399; 1447; 
1400; 1448; 
1401; 1449; 
1402; 1450; 
1403; 1451; 
1404; 1452; 
1405; 1453; 
1406; 1454; 
1407; 1455; 
1408; 1456; 
1409; 1457; 
1410; 1458; 
1411; 1459; 
1412; 1460; 
1413; 1461; 
1414; 1462; 
1415; 1463; 
1416; 1464; 
1417; 1418; 
1419; 1465; 
1420; 1466; 
1421; 1553; 1468; 
1422; 1469; 
1423; 1509; 
1424; 1510; 
1425; 1426; 
1427; 1472; 
1428; 1473; 
1429; 1430; 
1431; 1474; 
1432; 1475; 
1433; 1477; 1568; 
1434; 1478; 
1435; 1518; 
1436; 1519; 
1437; 1438; 
1467; 1552; 
1470; 1471; 1512; 1558; 1511; 
1476; 1567; 
1479; 1480; 1521; 1573; 1520; 
1481; 1523; 
1482; 1524; 
1483; 1525; 
1484; 1526; 
1485; 1527; 
1486; 1528; 
1487; 1529; 
1488; 1530; 
1489; 1531; 
1490; 1532; 
1491; 1533; 
1492; 1534; 
1493; 1535; 
1494; 1536; 
1495; 1537; 
1496; 1538; 
1497; 1539; 
1498; 1540; 
1499; 1541; 
1500; 1542; 
1501; 1543; 
1502; 1544; 
1503; 1545; 
1504; 1546; 
1505; 1547; 1548; 
1506; 1549; 
1507; 1550; 
1508; 1551; 
1513; 1559; 
1514; 1563; 1562; 
1515; 1564; 
1516; 1565; 
1517; 1566; 
1522; 1574; 
1554; 1555; 
1556; 1557; 
1560; 1561; 
1569; 1570; 
1571; 1572; 
1575; 1576; 
Recursion step 1:
Partitions:
0; 1; 
2; 14; 
3; 6; 4; 
5; 21; 
7; 20; 
8; 9; 
10; 11; 
12; 13; 
15; 16; 
17; 18; 
19; 27; 30; 37; 36; 35; 31; 
22; 23; 
24; 25; 
26; 32; 
28; 29; 
33; 34; 
38; 39; 
40; 50; 
41; 42; 
43; 44; 
45; 51; 
46; 47; 
48; 49; 
52; 53; 
54; 58; 
55; 56; 
57; 61; 
59; 60; 
62; 63; 
64; 66; 65; 
67; 68; 
69; 70; 
71; 72; 
73; 74; 
75; 76; 
77; 78; 
79; 80; 
81; 82; 
83; 84; 
85; 86; 
87; 88; 
89; 90; 
91; 92; 
93; 94; 
95; 96; 
97; 98; 
99; 100; 
101; 102; 
103; 104; 
105; 106; 
107; 108; 
109; 110; 
111; 112; 
113; 114; 
115; 116; 
117; 118; 
119; 120; 
121; 122; 
123; 124; 
125; 126; 
127; 128; 
129; 130; 
131; 132; 
133; 134; 
135; 136; 
137; 138; 
139; 140; 
141; 142; 
143; 144; 
145; 146; 
147; 148; 
149; 150; 
151; 152; 
153; 154; 
155; 156; 
157; 158; 
159; 160; 
161; 162; 
163; 164; 
165; 166; 
167; 168; 
169; 170; 
171; 172; 
173; 174; 
175; 176; 
177; 178; 
179; 180; 
181; 182; 
183; 184; 
185; 186; 
187; 188; 
189; 190; 
191; 192; 
193; 194; 
195; 196; 
197; 198; 
199; 220; 
200; 201; 
202; 226; 203; 
204; 219; 
205; 206; 
207; 208; 
209; 210; 
211; 212; 
213; 214; 
215; 216; 
217; 218; 
221; 222; 
223; 227; 
224; 225; 
228; 229; 
230; 231; 
232; 233; 
234; 235; 
236; 237; 
238; 239; 
240; 241; 
242; 243; 
244; 245; 
246; 247; 
248; 249; 
250; 252; 251; 
253; 254; 
255; 256; 
257; 258; 
259; 260; 
261; 262; 
263; 264; 
265; 266; 
267; 268; 
269; 270; 
271; 272; 
273; 274; 
275; 276; 
277; 278; 
279; 280; 
281; 282; 
283; 284; 
285; 286; 
287; 288; 
289; 290; 
291; 292; 
293; 294; 
295; 296; 
297; 298; 
299; 302; 
300; 301; 
303; 304; 
305; 306; 
307; 308; 
309; 310; 
311; 312; 
313; 314; 
315; 316; 
317; 318; 
319; 320; 
321; 322; 
323; 324; 
325; 326; 
327; 328; 
329; 330; 
331; 332; 
333; 334; 
335; 336; 
337; 338; 
339; 340; 
341; 342; 
343; 346; 
344; 345; 
347; 377; 
348; 349; 
350; 351; 
352; 376; 
353; 375; 
354; 355; 414; 413; 412; 
356; 357; 416; 415; 
358; 417; 
359; 418; 
360; 419; 
361; 420; 
362; 421; 
363; 422; 364; 
365; 423; 424; 366; 
367; 368; 427; 426; 425; 
369; 370; 371; 429; 428; 
372; 373; 374; 432; 431; 430; 
378; 379; 
380; 381; 
382; 383; 
384; 385; 
386; 387; 
388; 389; 
390; 391; 
392; 393; 
394; 395; 
396; 397; 
398; 399; 
400; 401; 
402; 403; 
404; 405; 
406; 407; 
408; 409; 
410; 411; 
433; 436; 
434; 435; 
437; 438; 
439; 456; 
440; 458; 457; 
441; 459; 
442; 443; 
444; 455; 
445; 460; 446; 
447; 448; 
449; 466; 
450; 467; 
451; 452; 
453; 454; 
461; 462; 484; 
463; 487; 
464; 465; 
468; 469; 
470; 471; 
472; 473; 
474; 475; 
476; 477; 
478; 479; 
480; 481; 
482; 483; 
485; 496; 
486; 499; 
488; 498; 
489; 490; 497; 
491; 492; 
493; 500; 
494; 495; 
501; 502; 
503; 504; 
505; 506; 
507; 508; 
509; 510; 
511; 512; 
513; 514; 
515; 516; 
517; 518; 
519; 520; 
521; 522; 
523; 555; 
524; 525; 
526; 527; 
528; 529; 
530; 531; 
532; 533; 534; 
535; 536; 
537; 538; 
539; 540; 
541; 542; 
543; 544; 
545; 546; 
547; 548; 
549; 550; 
551; 552; 
553; 554; 
556; 606; 607; 
557; 608; 
558; 559; 609; 
560; 611; 610; 
561; 612; 
562; 613; 
563; 614; 564; 
565; 615; 
566; 616; 617; 567; 
568; 605; 
569; 570; 643; 
571; 572; 
573; 603; 
574; 619; 
575; 576; 
577; 622; 
578; 623; 
579; 625; 624; 
580; 626; 
581; 627; 628; 582; 
583; 629; 584; 
585; 630; 631; 
586; 632; 
587; 588; 633; 
589; 634; 
590; 642; 635; 
591; 592; 640; 
593; 594; 
595; 600; 
596; 636; 
597; 598; 
599; 639; 
601; 641; 602; 
604; 644; 
618; 645; 
620; 621; 
637; 638; 
646; 694; 
647; 695; 696; 697; 648; 
649; 698; 699; 650; 
651; 652; 
653; 702; 703; 654; 
655; 656; 704; 
657; 705; 
658; 706; 707; 708; 660; 659; 
661; 662; 
663; 664; 713; 712; 711; 
665; 714; 666; 
667; 715; 
668; 716; 
669; 717; 
670; 718; 
671; 672; 
673; 721; 
674; 690; 
675; 676; 
677; 678; 728; 
679; 730; 722; 
680; 723; 
681; 682; 
683; 726; 
684; 692; 
685; 686; 
687; 688; 731; 
689; 733; 727; 
691; 729; 
693; 732; 
700; 701; 
709; 710; 
719; 720; 
724; 725; 
Recursion step 2:
Partitions:
0; 1; 
2; 4; 
3; 5; 
6; 7; 
8; 9; 
10; 13; 
11; 12; 
14; 18; 
15; 17; 
16; 19; 
20; 23; 
21; 22; 
24; 27; 
25; 26; 
28; 40; 
29; 39; 
30; 73; 
31; 32; 
33; 34; 
35; 36; 
37; 38; 
41; 42; 
43; 44; 
45; 46; 
47; 48; 
49; 50; 
51; 52; 
53; 54; 
55; 56; 
57; 58; 
59; 60; 
61; 62; 
63; 64; 
65; 66; 
67; 68; 
69; 70; 
71; 72; 
74; 75; 
76; 77; 
78; 91; 90; 89; 80; 79; 
81; 82; 
83; 84; 
85; 86; 
87; 88; 
92; 93; 
94; 95; 
96; 107; 
97; 98; 
99; 106; 
100; 101; 
102; 103; 
104; 105; 
108; 109; 
110; 111; 
112; 113; 
114; 115; 
116; 117; 
118; 119; 
120; 121; 
122; 123; 
124; 125; 126; 127; 128; 129; 130; 131; 132; 133; 134; 135; 136; 137; 138; 139; 140; 141; 142; 143; 144; 145; 146; 166; 165; 164; 163; 162; 161; 160; 159; 158; 157; 156; 155; 154; 153; 152; 151; 150; 149; 148; 147; 
167; 168; 
169; 186; 
170; 171; 
172; 173; 
174; 175; 
176; 177; 
178; 179; 
180; 181; 
182; 183; 
184; 185; 
187; 188; 
189; 190; 
191; 192; 
193; 194; 
195; 196; 
197; 198; 
199; 200; 
201; 202; 
203; 204; 
205; 206; 
207; 208; 
209; 210; 
211; 212; 
213; 214; 
215; 216; 
217; 228; 234; 
218; 219; 
220; 221; 
222; 223; 
224; 225; 
226; 227; 
229; 236; 
230; 231; 
232; 235; 233; 
237; 238; 
239; 240; 
241; 242; 
243; 244; 
245; 246; 
247; 248; 
249; 251; 250; 
252; 253; 
254; 255; 
256; 257; 
258; 259; 
260; 261; 
262; 263; 264; 
265; 266; 
267; 268; 
269; 270; 
271; 295; 296; 
272; 273; 
274; 297; 275; 
276; 277; 
278; 279; 
280; 281; 
282; 283; 
284; 286; 285; 
287; 294; 
288; 289; 
290; 291; 298; 
292; 293; 
299; 300; 
301; 329; 303; 302; 
304; 305; 
306; 307; 
308; 330; 
309; 310; 
311; 312; 
313; 314; 
315; 316; 331; 
317; 318; 
319; 327; 
320; 321; 
322; 323; 332; 
324; 325; 
326; 328; 
Recursion step 3:
Partitions:
0; 5; 
1; 4; 
2; 3; 
6; 8; 
7; 9; 
10; 11; 
12; 16; 36; 
13; 14; 15; 
17; 18; 
19; 20; 
21; 22; 
23; 24; 
25; 26; 
27; 28; 
29; 30; 
31; 32; 
33; 41; 
34; 35; 
37; 38; 
39; 40; 
42; 43; 
44; 45; 
46; 47; 52; 
48; 51; 
49; 50; 
53; 54; 55; 56; 57; 58; 59; 60; 61; 
62; 63; 
64; 79; 
65; 66; 
67; 68; 
69; 70; 
71; 72; 
73; 74; 
75; 76; 
77; 78; 
80; 81; 
82; 83; 
84; 94; 85; 
86; 93; 
87; 92; 
88; 89; 
90; 91; 
95; 96; 97; 
98; 99; 
100; 101; 
102; 104; 103; 
105; 106; 
107; 108; 
109; 110; 
111; 112; 
113; 114; 
115; 116; 
117; 118; 
119; 120; 
121; 122; 
123; 124; 125; 
126; 127; 
128; 129; 
130; 131; 
132; 133; 
134; 135; 
136; 137; 
Recursion step 4:
Partitions:
0; 2; 
1; 4; 
3; 5; 
6; 17; 
7; 10; 11; 12; 13; 14; 
8; 9; 
15; 16; 
18; 21; 19; 
20; 24; 
22; 23; 
25; 30; 
26; 27; 
28; 29; 
31; 32; 
33; 34; 
35; 38; 
36; 37; 
39; 44; 
40; 41; 
42; 43; 
45; 46; 
47; 48; 
49; 50; 
51; 52; 
53; 54; 
55; 61; 60; 
56; 57; 
58; 59; 
Recursion step 5:
Partitions:
0; 1; 2; 
3; 7; 
4; 6; 5; 
8; 9; 
10; 12; 11; 
13; 14; 
15; 16; 18; 
17; 20; 
19; 25; 
21; 22; 
23; 24; 
26; 27; 
Recursion step 6:
Partitions:
0; 9; 
1; 3; 
2; 10; 
4; 5; 
6; 7; 
8; 11; 
Recursion step 7:
