225914882
223316912
223917971
224074452
224752977
222990058
225173801
223026152
224408230
229976125
228674495
225179383
228644316
228843160
229309583
224963131
224920291
223030370
230257480
225704726
224298673
224414451
228251412
237895270
226345402
226927450
224212569
224292122
229675369
225660381
224610064
229757084
226020104
223835472
223935457
224161898
228612931
228625334
226726028
223747715
225003289
223042956
224459474
223911687
223616518
229635106
226626588
224429562
223391579
224408763
224006869
223516501
230010134
228647212
225639344
228026177
223810220
223788092
226170954
226314216
223768934
223884041
225080604
222889872
