228354148
223894161
223768580
228263301
224006704
227904675
224441189
229406385
226004702
229775286
227981285
228130442
226652823
230310931
226029339
223086644
224271550
224037803
223900784
223869941
224070712
224032366
229314628
228711557
226330736
223519760
224496133
227544798
231309533
229385405
229294050
226301961
224066336
224592313
229586374
226248629
224422518
228590932
228939981
226457972
230356043
224683601
231578201
224619783
223874324
223610062
224336390
230088173
225882613
224126278
223949370
223869817
223893459
224196674
230027212
228706943
228110683
225204400
224062341
223876007
224306607
227414780
224460210
223889128
