229547363
228604558
225623120
224433074
228665696
229418164
225838041
228693953
228117626
226270748
224162450
224093592
223667084
224292429
233573116
226834994
229419679
226311299
229600356
225832434
224295679
225242662
222918264
224190489
229804455
228205220
228092376
227880370
227620961
236304477
228121791
225981089
229274593
227802114
229006090
228739385
225053751
230515846
225761019
223260405
224675807
223310363
224390675
224518900
230021689
225756925
223785705
223840804
223861526
224258844
224033728
230008624
228161984
225357763
224507099
228157402
223506115
224933741
229051104
226026493
223818473
225136758
228828089
228231216
