Recursion step 0:
Costs:
9.999999e+06; 2.230000e+02; 2.100000e+02; 1.250000e+02; 2.450000e+02; 3.630000e+02; 3.220000e+02; 3.880000e+02; 2.900000e+02; 3.410000e+02; 2.670000e+02; 2.810000e+02; 2.580000e+02; 2.470000e+02; 3.020000e+02; 3.250000e+02; 3.110000e+02; 2.760000e+02; 3.920000e+02; 4.750000e+02; 4.170000e+02; 3.240000e+02; 3.720000e+02; 4.370000e+02; 6.100000e+02; 3.100000e+02; 3.620000e+02; 3.330000e+02; 4.980000e+02; 4.590000e+02; 4.670000e+02; 3.520000e+02; 1.990000e+02; 3.360000e+02; 3.050000e+02; 1.720000e+02; 1.430000e+02; 2.730000e+02; 2.920000e+02; 3.640000e+02; 2.620000e+02; 2.960000e+02; 4.350000e+02; 4.230000e+02; 4.330000e+02; 3.540000e+02; 5.090000e+02; 4.720000e+02; 2.380000e+02; 1.850000e+02; 3.570000e+02; 4.200000e+02; 3.440000e+02; 
5.800000e+01; 9.999999e+06; 1.790000e+02; 1.000000e+02; 2.870000e+02; 1.550000e+02; 1.160000e+02; 1.700000e+02; 7.400000e+01; 1.370000e+02; 2.390000e+02; 2.600000e+02; 2.340000e+02; 2.210000e+02; 2.820000e+02; 2.940000e+02; 2.860000e+02; 2.510000e+02; 4.340000e+02; 5.120000e+02; 4.090000e+02; 3.670000e+02; 4.060000e+02; 4.100000e+02; 5.980000e+02; 3.540000e+02; 3.530000e+02; 3.710000e+02; 4.510000e+02; 4.900000e+02; 5.100000e+02; 3.890000e+02; 2.440000e+02; 3.130000e+02; 2.910000e+02; 2.100000e+02; 1.850000e+02; 3.180000e+02; 3.290000e+02; 4.020000e+02; 2.970000e+02; 8.100000e+01; 2.410000e+02; 2.150000e+02; 2.920000e+02; 3.080000e+02; 3.010000e+02; 2.620000e+02; 2.070000e+02; 1.590000e+02; 3.000000e+02; 2.140000e+02; 3.140000e+02; 
6.000000e+01; 1.090000e+02; 9.999999e+06; 8.000000e+01; 2.950000e+02; 2.460000e+02; 2.090000e+02; 2.700000e+02; 1.740000e+02; 2.250000e+02; 2.270000e+02; 1.790000e+02; 2.210000e+02; 2.120000e+02; 2.620000e+02; 1.310000e+02; 1.170000e+02; 7.900000e+01; 3.820000e+02; 4.310000e+02; 2.630000e+02; 3.090000e+02; 3.210000e+02; 2.350000e+02; 4.520000e+02; 3.550000e+02; 3.380000e+02; 3.240000e+02; 4.970000e+02; 4.490000e+02; 3.600000e+02; 2.430000e+02; 2.510000e+02; 1.400000e+02; 2.720000e+02; 2.230000e+02; 1.890000e+02; 2.590000e+02; 3.370000e+02; 3.880000e+02; 3.080000e+02; 1.740000e+02; 3.400000e+02; 3.090000e+02; 3.820000e+02; 3.960000e+02; 3.930000e+02; 3.550000e+02; 1.980000e+02; 1.410000e+02; 2.010000e+02; 3.020000e+02; 1.900000e+02; 
5.800000e+01; 1.150000e+02; 9.800000e+01; 9.999999e+06; 2.850000e+02; 2.550000e+02; 2.150000e+02; 2.790000e+02; 1.780000e+02; 2.320000e+02; 1.540000e+02; 1.760000e+02; 1.570000e+02; 1.360000e+02; 1.940000e+02; 2.190000e+02; 2.070000e+02; 1.700000e+02; 4.290000e+02; 5.160000e+02; 3.260000e+02; 3.660000e+02; 4.110000e+02; 3.230000e+02; 5.170000e+02; 3.440000e+02; 2.700000e+02; 3.680000e+02; 5.410000e+02; 4.980000e+02; 4.460000e+02; 3.230000e+02; 2.440000e+02; 2.250000e+02; 2.030000e+02; 2.140000e+02; 1.830000e+02; 3.140000e+02; 2.780000e+02; 4.030000e+02; 3.010000e+02; 1.830000e+02; 3.520000e+02; 3.110000e+02; 3.910000e+02; 3.410000e+02; 4.100000e+02; 3.670000e+02; 1.300000e+02; 7.600000e+01; 2.470000e+02; 3.120000e+02; 2.360000e+02; 
9.300000e+01; 5.800000e+01; 6.300000e+01; 9.000000e+01; 9.999999e+06; 1.940000e+02; 1.600000e+02; 2.100000e+02; 1.170000e+02; 1.740000e+02; 2.380000e+02; 2.350000e+02; 2.310000e+02; 2.240000e+02; 2.800000e+02; 1.750000e+02; 1.710000e+02; 1.330000e+02; 2.810000e+02; 2.670000e+02; 2.210000e+02; 2.480000e+02; 1.390000e+02; 2.860000e+02; 4.150000e+02; 8.200000e+01; 1.360000e+02; 1.350000e+02; 3.090000e+02; 2.640000e+02; 3.410000e+02; 2.930000e+02; 2.310000e+02; 1.890000e+02; 7.500000e+01; 2.530000e+02; 2.190000e+02; 3.060000e+02; 3.600000e+02; 3.510000e+02; 3.400000e+02; 1.230000e+02; 2.770000e+02; 2.480000e+02; 2.880000e+02; 3.230000e+02; 3.050000e+02; 2.560000e+02; 1.550000e+02; 1.550000e+02; 1.520000e+02; 2.480000e+02; 1.460000e+02; 
5.310000e+02; 5.930000e+02; 5.840000e+02; 4.990000e+02; 7.650000e+02; 9.999999e+06; 3.440000e+02; 4.050000e+02; 3.090000e+02; 3.600000e+02; 6.310000e+02; 6.540000e+02; 6.320000e+02; 6.220000e+02; 6.790000e+02; 6.970000e+02; 6.850000e+02; 6.470000e+02; 9.090000e+02; 9.920000e+02; 8.070000e+02; 8.470000e+02; 8.870000e+02; 8.090000e+02; 9.990000e+02; 7.890000e+02; 7.500000e+02; 8.480000e+02; 7.630000e+02; 7.160000e+02; 7.630000e+02; 6.430000e+02; 7.240000e+02; 5.390000e+02; 6.820000e+02; 6.870000e+02; 6.640000e+02; 7.880000e+02; 7.620000e+02; 8.810000e+02; 7.810000e+02; 6.690000e+02; 8.320000e+02; 7.960000e+02; 8.240000e+02; 8.250000e+02; 8.850000e+02; 8.380000e+02; 9.000000e+01; 1.400000e+02; 1.640000e+02; 7.000000e+01; 2.960000e+02; 
4.170000e+02; 4.840000e+02; 4.690000e+02; 3.840000e+02; 6.510000e+02; 5.500000e+01; 9.999999e+06; 2.570000e+02; 1.900000e+02; 1.800000e+02; 5.190000e+02; 5.470000e+02; 5.240000e+02; 5.060000e+02; 5.630000e+02; 5.860000e+02; 5.730000e+02; 5.330000e+02; 8.030000e+02; 8.750000e+02; 6.930000e+02; 7.330000e+02; 7.770000e+02; 6.920000e+02; 8.880000e+02; 6.070000e+02; 5.770000e+02; 6.620000e+02; 5.850000e+02; 5.390000e+02; 5.750000e+02; 4.540000e+02; 6.110000e+02; 3.610000e+02; 5.610000e+02; 5.810000e+02; 5.430000e+02; 6.820000e+02; 6.450000e+02; 7.690000e+02; 6.660000e+02; 5.460000e+02; 5.770000e+02; 5.650000e+02; 4.930000e+02; 6.620000e+02; 6.530000e+02; 7.000000e+02; 1.230000e+02; 1.770000e+02; 2.010000e+02; 1.120000e+02; 3.430000e+02; 
0.000000e+00; 0.000000e+00; 0.000000e+00; 0.000000e+00; 0.000000e+00; 0.000000e+00; 0.000000e+00; 0.000000e+00; 0.000000e+00; 0.000000e+00; 0.000000e+00; 0.000000e+00; 0.000000e+00; 0.000000e+00; 0.000000e+00; 0.000000e+00; 0.000000e+00; 0.000000e+00; 0.000000e+00; 0.000000e+00; 0.000000e+00; 0.000000e+00; 0.000000e+00; 0.000000e+00; 0.000000e+00; 0.000000e+00; 0.000000e+00; 0.000000e+00; 0.000000e+00; 0.000000e+00; 0.000000e+00; 0.000000e+00; 0.000000e+00; 0.000000e+00; 0.000000e+00; 0.000000e+00; 0.000000e+00; 0.000000e+00; 0.000000e+00; 0.000000e+00; 0.000000e+00; 0.000000e+00; 0.000000e+00; 0.000000e+00; 0.000000e+00; 0.000000e+00; 0.000000e+00; 0.000000e+00; 0.000000e+00; 0.000000e+00; 0.000000e+00; 0.000000e+00; 0.000000e+00; 
2.430000e+02; 3.090000e+02; 2.850000e+02; 2.050000e+02; 4.680000e+02; 9.200000e+01; 5.400000e+01; 1.110000e+02; 9.999999e+06; 6.900000e+01; 3.420000e+02; 3.660000e+02; 3.450000e+02; 3.260000e+02; 3.850000e+02; 4.060000e+02; 3.910000e+02; 3.500000e+02; 6.190000e+02; 7.050000e+02; 5.100000e+02; 5.520000e+02; 5.990000e+02; 5.110000e+02; 7.070000e+02; 5.010000e+02; 4.510000e+02; 5.580000e+02; 4.720000e+02; 4.250000e+02; 4.710000e+02; 3.460000e+02; 4.320000e+02; 2.530000e+02; 3.940000e+02; 3.930000e+02; 3.730000e+02; 5.000000e+02; 4.680000e+02; 5.880000e+02; 4.910000e+02; 3.690000e+02; 5.320000e+02; 5.010000e+02; 5.350000e+02; 5.340000e+02; 5.910000e+02; 5.490000e+02; 1.600000e+02; 2.100000e+02; 2.330000e+02; 1.470000e+02; 3.760000e+02; 
2.620000e+02; 3.210000e+02; 3.020000e+02; 2.220000e+02; 4.910000e+02; 8.100000e+01; 6.800000e+01; 9.900000e+01; 3.200000e+01; 9.999999e+06; 3.590000e+02; 3.860000e+02; 3.570000e+02; 3.400000e+02; 4.000000e+02; 4.240000e+02; 4.090000e+02; 3.710000e+02; 6.390000e+02; 7.140000e+02; 5.360000e+02; 5.690000e+02; 6.110000e+02; 5.280000e+02; 7.280000e+02; 4.480000e+02; 4.150000e+02; 5.040000e+02; 4.240000e+02; 3.760000e+02; 4.120000e+02; 2.960000e+02; 4.500000e+02; 1.960000e+02; 4.070000e+02; 4.190000e+02; 3.860000e+02; 5.210000e+02; 4.880000e+02; 6.050000e+02; 5.030000e+02; 3.890000e+02; 5.540000e+02; 5.210000e+02; 5.540000e+02; 5.500000e+02; 6.140000e+02; 5.680000e+02; 1.510000e+02; 2.040000e+02; 2.280000e+02; 1.370000e+02; 3.590000e+02; 
3.610000e+02; 4.160000e+02; 4.040000e+02; 3.170000e+02; 4.350000e+02; 5.220000e+02; 5.120000e+02; 5.440000e+02; 4.710000e+02; 4.490000e+02; 9.999999e+06; 1.940000e+02; 1.790000e+02; 3.270000e+02; 2.280000e+02; 4.410000e+02; 4.380000e+02; 3.920000e+02; 4.800000e+02; 5.600000e+02; 3.570000e+02; 4.010000e+02; 5.540000e+02; 5.570000e+02; 5.490000e+02; 5.020000e+02; 4.530000e+02; 4.180000e+02; 5.960000e+02; 5.440000e+02; 6.550000e+02; 5.320000e+02; 3.830000e+02; 4.550000e+02; 3.960000e+02; 3.520000e+02; 3.190000e+02; 3.590000e+02; 3.130000e+02; 4.750000e+02; 4.370000e+02; 3.520000e+02; 4.530000e+02; 4.670000e+02; 4.530000e+02; 3.730000e+02; 5.270000e+02; 5.310000e+02; 7.800000e+01; 1.350000e+02; 3.080000e+02; 3.920000e+02; 2.910000e+02; 
1.820000e+02; 2.410000e+02; 2.290000e+02; 1.340000e+02; 4.110000e+02; 3.760000e+02; 3.410000e+02; 4.020000e+02; 3.020000e+02; 3.140000e+02; 1.140000e+02; 9.999999e+06; 1.950000e+02; 1.840000e+02; 2.460000e+02; 3.040000e+02; 2.880000e+02; 2.580000e+02; 4.990000e+02; 5.830000e+02; 3.760000e+02; 4.200000e+02; 4.940000e+02; 4.110000e+02; 5.680000e+02; 3.950000e+02; 3.150000e+02; 4.330000e+02; 6.120000e+02; 5.640000e+02; 5.110000e+02; 4.130000e+02; 3.640000e+02; 3.110000e+02; 2.500000e+02; 3.330000e+02; 3.050000e+02; 3.750000e+02; 3.220000e+02; 4.930000e+02; 4.250000e+02; 3.060000e+02; 4.690000e+02; 4.350000e+02; 4.660000e+02; 3.850000e+02; 5.310000e+02; 4.810000e+02; 1.800000e+02; 2.020000e+02; 3.330000e+02; 4.250000e+02; 3.190000e+02; 
2.710000e+02; 3.050000e+02; 3.150000e+02; 2.240000e+02; 2.710000e+02; 3.540000e+02; 3.410000e+02; 3.740000e+02; 3.010000e+02; 2.830000e+02; 1.100000e+02; 1.050000e+02; 9.999999e+06; 1.640000e+02; 6.000000e+01; 2.760000e+02; 2.630000e+02; 2.330000e+02; 3.130000e+02; 4.000000e+02; 1.860000e+02; 2.410000e+02; 3.950000e+02; 3.890000e+02; 3.870000e+02; 3.360000e+02; 2.830000e+02; 2.550000e+02; 4.240000e+02; 3.780000e+02; 4.860000e+02; 3.610000e+02; 2.200000e+02; 2.900000e+02; 2.240000e+02; 1.790000e+02; 1.540000e+02; 1.970000e+02; 1.380000e+02; 3.080000e+02; 2.730000e+02; 1.820000e+02; 2.900000e+02; 3.080000e+02; 2.850000e+02; 2.030000e+02; 3.630000e+02; 3.620000e+02; 1.790000e+02; 2.310000e+02; 3.110000e+02; 3.990000e+02; 2.930000e+02; 
2.160000e+02; 2.770000e+02; 2.590000e+02; 1.760000e+02; 2.810000e+02; 2.090000e+02; 1.990000e+02; 2.270000e+02; 1.550000e+02; 1.400000e+02; 3.500000e+01; 5.400000e+01; 2.400000e+01; 9.999999e+06; 7.700000e+01; 1.320000e+02; 1.250000e+02; 7.900000e+01; 3.310000e+02; 4.110000e+02; 2.040000e+02; 2.530000e+02; 3.290000e+02; 2.460000e+02; 4.000000e+02; 2.250000e+02; 1.470000e+02; 2.650000e+02; 4.430000e+02; 3.970000e+02; 3.460000e+02; 2.390000e+02; 2.290000e+02; 1.400000e+02; 8.000000e+01; 1.930000e+02; 1.630000e+02; 2.110000e+02; 1.570000e+02; 3.220000e+02; 2.880000e+02; 2.000000e+02; 2.960000e+02; 3.200000e+02; 2.950000e+02; 2.150000e+02; 3.740000e+02; 3.800000e+02; 9.400000e+01; 1.480000e+02; 1.630000e+02; 2.550000e+02; 1.510000e+02; 
2.750000e+02; 3.380000e+02; 3.270000e+02; 2.420000e+02; 3.440000e+02; 3.000000e+02; 2.930000e+02; 3.310000e+02; 2.560000e+02; 2.410000e+02; 1.220000e+02; 1.190000e+02; 9.900000e+01; 1.110000e+02; 9.999999e+06; 2.300000e+02; 2.200000e+02; 1.810000e+02; 4.000000e+02; 4.790000e+02; 1.440000e+02; 1.970000e+02; 3.710000e+02; 3.400000e+02; 3.370000e+02; 3.270000e+02; 2.420000e+02; 2.040000e+02; 3.840000e+02; 3.340000e+02; 4.460000e+02; 3.470000e+02; 2.950000e+02; 2.380000e+02; 1.760000e+02; 2.650000e+02; 2.350000e+02; 2.750000e+02; 2.230000e+02; 2.620000e+02; 3.520000e+02; 1.400000e+02; 3.030000e+02; 2.700000e+02; 3.460000e+02; 2.860000e+02; 3.630000e+02; 3.150000e+02; 1.890000e+02; 2.420000e+02; 2.610000e+02; 3.520000e+02; 2.520000e+02; 
3.690000e+02; 3.290000e+02; 4.510000e+02; 4.110000e+02; 4.040000e+02; 4.050000e+02; 3.670000e+02; 4.220000e+02; 3.240000e+02; 3.780000e+02; 3.450000e+02; 3.930000e+02; 5.140000e+02; 5.390000e+02; 5.610000e+02; 9.999999e+06; 3.290000e+02; 2.970000e+02; 2.640000e+02; 3.130000e+02; 4.050000e+02; 3.120000e+02; 5.280000e+02; 4.460000e+02; 5.960000e+02; 4.070000e+02; 3.580000e+02; 3.160000e+02; 3.800000e+02; 4.480000e+02; 5.570000e+02; 4.320000e+02; 2.860000e+02; 3.530000e+02; 4.600000e+02; 1.630000e+02; 2.260000e+02; 1.410000e+02; 2.780000e+02; 2.760000e+02; 2.440000e+02; 3.790000e+02; 4.250000e+02; 4.430000e+02; 4.120000e+02; 3.350000e+02; 4.940000e+02; 5.380000e+02; 8.600000e+01; 1.460000e+02; 8.900000e+01; 1.880000e+02; 7.500000e+01; 
2.460000e+02; 3.050000e+02; 2.860000e+02; 2.040000e+02; 4.160000e+02; 3.530000e+02; 3.170000e+02; 3.740000e+02; 2.760000e+02; 3.310000e+02; 1.810000e+02; 7.500000e+01; 2.660000e+02; 2.520000e+02; 3.070000e+02; 2.400000e+01; 9.999999e+06; 3.100000e+02; 2.750000e+02; 3.240000e+02; 1.580000e+02; 2.070000e+02; 2.250000e+02; 1.360000e+02; 3.560000e+02; 3.370000e+02; 2.700000e+02; 2.210000e+02; 3.980000e+02; 3.480000e+02; 4.710000e+02; 3.480000e+02; 2.040000e+02; 3.680000e+02; 3.150000e+02; 1.770000e+02; 2.380000e+02; 1.510000e+02; 2.880000e+02; 2.790000e+02; 2.600000e+02; 1.430000e+02; 3.070000e+02; 2.670000e+02; 3.560000e+02; 3.510000e+02; 3.620000e+02; 3.160000e+02; 9.900000e+01; 1.600000e+02; 1.030000e+02; 1.990000e+02; 9.400000e+01; 
2.780000e+02; 3.430000e+02; 3.250000e+02; 2.430000e+02; 4.500000e+02; 3.900000e+02; 3.530000e+02; 4.170000e+02; 3.150000e+02; 3.670000e+02; 2.150000e+02; 1.150000e+02; 3.010000e+02; 2.930000e+02; 3.490000e+02; 6.500000e+01; 4.800000e+01; 9.999999e+06; 3.080000e+02; 3.650000e+02; 1.950000e+02; 2.430000e+02; 2.610000e+02; 1.750000e+02; 3.880000e+02; 3.810000e+02; 2.920000e+02; 2.600000e+02; 4.300000e+02; 3.920000e+02; 2.920000e+02; 1.700000e+02; 2.370000e+02; 7.900000e+01; 3.580000e+02; 2.170000e+02; 2.740000e+02; 1.930000e+02; 3.270000e+02; 3.180000e+02; 2.940000e+02; 1.840000e+02; 3.460000e+02; 3.120000e+02; 3.940000e+02; 3.840000e+02; 4.050000e+02; 3.550000e+02; 1.380000e+02; 1.920000e+02; 1.410000e+02; 2.280000e+02; 1.270000e+02; 
1.180000e+02; 8.500000e+01; 2.490000e+02; 1.610000e+02; 3.560000e+02; 1.480000e+02; 1.130000e+02; 1.760000e+02; 7.800000e+01; 1.280000e+02; 2.500000e+02; 1.490000e+02; 2.990000e+02; 2.840000e+02; 3.450000e+02; 7.000000e+01; 8.600000e+01; 4.400000e+01; 9.999999e+06; 9.000000e+01; 2.260000e+02; 2.770000e+02; 2.930000e+02; 2.040000e+02; 4.250000e+02; 1.800000e+02; 2.410000e+02; 2.410000e+02; 1.620000e+02; 3.630000e+02; 3.300000e+02; 2.100000e+02; 2.710000e+02; 1.090000e+02; 3.550000e+02; 2.270000e+02; 2.450000e+02; 1.980000e+02; 3.370000e+02; 3.440000e+02; 3.060000e+02; 1.460000e+02; 3.070000e+02; 2.750000e+02; 3.590000e+02; 3.790000e+02; 3.680000e+02; 3.270000e+02; 1.460000e+02; 2.020000e+02; 1.540000e+02; 2.160000e+02; 1.400000e+02; 
1.340000e+02; 9.300000e+01; 2.660000e+02; 1.760000e+02; 3.640000e+02; 1.720000e+02; 1.370000e+02; 1.910000e+02; 9.000000e+01; 1.530000e+02; 2.550000e+02; 1.550000e+02; 3.170000e+02; 3.010000e+02; 3.630000e+02; 9.300000e+01; 8.100000e+01; 6.200000e+01; 3.100000e+01; 9.999999e+06; 2.270000e+02; 2.760000e+02; 2.910000e+02; 2.070000e+02; 4.180000e+02; 1.020000e+02; 1.600000e+02; 1.620000e+02; 8.200000e+01; 2.910000e+02; 3.410000e+02; 2.270000e+02; 2.790000e+02; 1.180000e+02; 3.700000e+02; 2.420000e+02; 2.610000e+02; 2.160000e+02; 3.510000e+02; 3.510000e+02; 3.220000e+02; 1.690000e+02; 3.250000e+02; 2.940000e+02; 3.740000e+02; 3.920000e+02; 3.900000e+02; 3.380000e+02; 1.570000e+02; 2.030000e+02; 1.510000e+02; 2.250000e+02; 1.420000e+02; 
3.060000e+02; 3.670000e+02; 3.500000e+02; 2.630000e+02; 3.710000e+02; 2.120000e+02; 1.710000e+02; 2.290000e+02; 1.390000e+02; 1.860000e+02; 2.380000e+02; 1.420000e+02; 3.220000e+02; 3.120000e+02; 3.650000e+02; 4.120000e+02; 4.170000e+02; 3.780000e+02; 3.560000e+02; 3.710000e+02; 9.999999e+06; 6.400000e+01; 2.390000e+02; 2.750000e+02; 2.070000e+02; 1.960000e+02; 1.210000e+02; 8.400000e+01; 2.520000e+02; 2.040000e+02; 5.580000e+02; 4.320000e+02; 2.850000e+02; 3.700000e+02; 3.750000e+02; 2.260000e+02; 2.230000e+02; 2.270000e+02; 2.480000e+02; 1.380000e+02; 2.650000e+02; 3.510000e+02; 3.770000e+02; 4.130000e+02; 3.890000e+02; 3.040000e+02; 4.090000e+02; 3.680000e+02; 2.850000e+02; 2.850000e+02; 3.300000e+02; 2.680000e+02; 3.100000e+02; 
3.760000e+02; 4.600000e+02; 4.490000e+02; 3.540000e+02; 4.660000e+02; 3.050000e+02; 2.660000e+02; 3.230000e+02; 2.270000e+02; 2.820000e+02; 3.360000e+02; 2.300000e+02; 4.160000e+02; 4.080000e+02; 4.620000e+02; 4.480000e+02; 4.480000e+02; 4.240000e+02; 3.890000e+02; 3.720000e+02; 1.150000e+02; 9.999999e+06; 2.500000e+02; 2.620000e+02; 3.070000e+02; 2.910000e+02; 2.250000e+02; 1.710000e+02; 3.500000e+02; 3.060000e+02; 6.000000e+02; 4.830000e+02; 3.320000e+02; 4.680000e+02; 4.720000e+02; 3.220000e+02; 3.220000e+02; 3.270000e+02; 3.420000e+02; 2.310000e+02; 3.610000e+02; 4.290000e+02; 3.830000e+02; 4.260000e+02; 4.010000e+02; 4.070000e+02; 4.150000e+02; 3.720000e+02; 3.560000e+02; 3.060000e+02; 4.210000e+02; 3.700000e+02; 4.100000e+02; 
1.360000e+02; 2.250000e+02; 3.360000e+02; 2.450000e+02; 3.690000e+02; 2.920000e+02; 2.640000e+02; 3.140000e+02; 2.210000e+02; 2.770000e+02; 3.280000e+02; 2.310000e+02; 3.870000e+02; 3.680000e+02; 4.280000e+02; 2.210000e+02; 2.100000e+02; 1.910000e+02; 1.600000e+02; 1.450000e+02; 1.010000e+02; 1.220000e+02; 9.999999e+06; 2.510000e+02; 3.000000e+02; 2.350000e+02; 2.120000e+02; 1.680000e+02; 2.110000e+02; 2.990000e+02; 4.720000e+02; 3.530000e+02; 3.180000e+02; 2.480000e+02; 2.390000e+02; 2.960000e+02; 2.660000e+02; 3.140000e+02; 3.330000e+02; 2.300000e+02; 3.510000e+02; 1.990000e+02; 1.490000e+02; 1.870000e+02; 1.730000e+02; 2.030000e+02; 1.820000e+02; 1.410000e+02; 1.210000e+02; 7.200000e+01; 2.390000e+02; 3.390000e+02; 2.360000e+02; 
2.230000e+02; 3.070000e+02; 3.740000e+02; 2.800000e+02; 3.990000e+02; 2.330000e+02; 1.980000e+02; 2.520000e+02; 1.580000e+02; 2.130000e+02; 2.560000e+02; 1.600000e+02; 3.430000e+02; 3.320000e+02; 3.880000e+02; 3.030000e+02; 2.980000e+02; 2.730000e+02; 2.470000e+02; 2.260000e+02; 3.600000e+01; 8.700000e+01; 9.600000e+01; 9.999999e+06; 2.330000e+02; 2.170000e+02; 1.470000e+02; 1.000000e+02; 2.700000e+02; 2.270000e+02; 3.500000e+02; 2.360000e+02; 8.400000e+01; 3.310000e+02; 3.280000e+02; 2.420000e+02; 2.460000e+02; 2.530000e+02; 2.640000e+02; 1.650000e+02; 2.880000e+02; 2.800000e+02; 2.380000e+02; 2.690000e+02; 2.550000e+02; 2.910000e+02; 2.680000e+02; 2.170000e+02; 2.070000e+02; 1.560000e+02; 3.320000e+02; 2.930000e+02; 3.200000e+02; 
1.830000e+02; 2.670000e+02; 3.810000e+02; 2.900000e+02; 4.070000e+02; 2.960000e+02; 2.670000e+02; 3.190000e+02; 2.230000e+02; 2.760000e+02; 3.290000e+02; 2.260000e+02; 4.110000e+02; 4.020000e+02; 4.600000e+02; 2.560000e+02; 2.510000e+02; 2.300000e+02; 2.000000e+02; 1.850000e+02; 1.030000e+02; 9.200000e+01; 6.100000e+01; 8.100000e+01; 9.999999e+06; 2.700000e+02; 2.190000e+02; 1.730000e+02; 2.540000e+02; 2.970000e+02; 4.200000e+02; 3.020000e+02; 1.530000e+02; 2.880000e+02; 2.780000e+02; 3.160000e+02; 3.030000e+02; 3.190000e+02; 3.390000e+02; 2.260000e+02; 3.520000e+02; 2.410000e+02; 1.950000e+02; 2.320000e+02; 2.080000e+02; 2.450000e+02; 2.260000e+02; 1.810000e+02; 1.710000e+02; 1.170000e+02; 2.890000e+02; 3.630000e+02; 2.720000e+02; 
5.980000e+02; 6.580000e+02; 6.410000e+02; 5.590000e+02; 8.230000e+02; 6.210000e+02; 6.440000e+02; 5.510000e+02; 7.180000e+02; 7.800000e+02; 6.950000e+02; 7.180000e+02; 6.950000e+02; 6.820000e+02; 7.390000e+02; 6.890000e+02; 6.780000e+02; 7.070000e+02; 9.460000e+02; 9.980000e+02; 7.340000e+02; 7.820000e+02; 8.900000e+02; 8.060000e+02; 9.240000e+02; 9.999999e+06; 7.100000e+01; 7.200000e+01; 2.440000e+02; 1.950000e+02; 7.290000e+02; 6.090000e+02; 7.890000e+02; 7.150000e+02; 7.500000e+02; 7.560000e+02; 7.210000e+02; 8.190000e+02; 8.190000e+02; 8.570000e+02; 8.380000e+02; 7.270000e+02; 6.890000e+02; 7.260000e+02; 7.160000e+02; 7.440000e+02; 7.180000e+02; 6.750000e+02; 3.150000e+02; 3.680000e+02; 3.210000e+02; 4.070000e+02; 3.090000e+02; 
5.360000e+02; 6.050000e+02; 5.860000e+02; 5.020000e+02; 7.650000e+02; 5.670000e+02; 5.850000e+02; 4.940000e+02; 6.690000e+02; 7.190000e+02; 6.350000e+02; 6.570000e+02; 6.390000e+02; 6.270000e+02; 6.800000e+02; 6.300000e+02; 6.220000e+02; 6.520000e+02; 8.870000e+02; 9.420000e+02; 7.660000e+02; 8.190000e+02; 8.310000e+02; 7.480000e+02; 9.600000e+02; 1.050000e+02; 9.999999e+06; 1.580000e+02; 3.340000e+02; 2.840000e+02; 8.110000e+02; 7.000000e+02; 7.260000e+02; 7.090000e+02; 6.900000e+02; 6.920000e+02; 6.600000e+02; 7.620000e+02; 7.680000e+02; 8.820000e+02; 7.800000e+02; 6.660000e+02; 7.790000e+02; 8.030000e+02; 7.990000e+02; 8.270000e+02; 8.130000e+02; 7.680000e+02; 3.990000e+02; 4.600000e+02; 4.040000e+02; 4.990000e+02; 3.960000e+02; 
5.810000e+02; 6.460000e+02; 6.280000e+02; 5.430000e+02; 8.120000e+02; 6.110000e+02; 6.380000e+02; 5.420000e+02; 7.100000e+02; 7.670000e+02; 6.870000e+02; 7.010000e+02; 6.820000e+02; 6.730000e+02; 7.240000e+02; 6.750000e+02; 6.640000e+02; 6.980000e+02; 9.250000e+02; 9.820000e+02; 6.750000e+02; 7.270000e+02; 8.710000e+02; 7.890000e+02; 8.660000e+02; 1.350000e+02; 6.100000e+01; 9.999999e+06; 1.840000e+02; 1.410000e+02; 6.690000e+02; 5.470000e+02; 7.710000e+02; 6.510000e+02; 7.220000e+02; 7.370000e+02; 7.130000e+02; 8.090000e+02; 8.080000e+02; 8.010000e+02; 8.330000e+02; 6.820000e+02; 6.370000e+02; 6.770000e+02; 6.500000e+02; 6.880000e+02; 6.650000e+02; 6.200000e+02; 2.570000e+02; 3.120000e+02; 2.590000e+02; 3.480000e+02; 2.460000e+02; 
6.200000e+02; 6.770000e+02; 6.700000e+02; 5.810000e+02; 8.530000e+02; 6.470000e+02; 6.550000e+02; 5.790000e+02; 6.240000e+02; 6.770000e+02; 7.170000e+02; 6.200000e+02; 7.160000e+02; 7.020000e+02; 7.610000e+02; 7.180000e+02; 7.010000e+02; 7.340000e+02; 8.350000e+02; 8.530000e+02; 4.980000e+02; 5.470000e+02; 7.250000e+02; 7.630000e+02; 6.960000e+02; 3.600000e+01; 9.900000e+01; 9.800000e+01; 9.999999e+06; 2.180000e+02; 5.000000e+02; 3.750000e+02; 7.730000e+02; 4.790000e+02; 7.750000e+02; 6.180000e+02; 7.110000e+02; 7.110000e+02; 7.340000e+02; 6.210000e+02; 7.140000e+02; 7.510000e+02; 7.130000e+02; 7.520000e+02; 7.330000e+02; 7.680000e+02; 7.430000e+02; 7.010000e+02; 8.600000e+01; 1.380000e+02; 9.100000e+01; 1.820000e+02; 8.000000e+01; 
5.860000e+02; 6.470000e+02; 6.320000e+02; 5.450000e+02; 8.210000e+02; 6.140000e+02; 6.340000e+02; 5.470000e+02; 6.630000e+02; 7.160000e+02; 6.920000e+02; 6.680000e+02; 6.810000e+02; 6.740000e+02; 7.350000e+02; 6.810000e+02; 6.720000e+02; 6.980000e+02; 8.800000e+02; 8.960000e+02; 5.470000e+02; 5.980000e+02; 7.730000e+02; 7.910000e+02; 7.410000e+02; 8.500000e+01; 6.700000e+01; 1.380000e+02; 6.300000e+01; 9.999999e+06; 5.460000e+02; 4.290000e+02; 7.800000e+02; 5.220000e+02; 7.360000e+02; 6.620000e+02; 7.140000e+02; 7.630000e+02; 7.780000e+02; 6.690000e+02; 7.570000e+02; 7.150000e+02; 7.620000e+02; 8.000000e+02; 7.810000e+02; 8.150000e+02; 7.960000e+02; 7.520000e+02; 1.320000e+02; 1.840000e+02; 1.350000e+02; 2.240000e+02; 1.190000e+02; 
5.000000e+02; 7.120000e+02; 7.020000e+02; 6.130000e+02; 7.370000e+02; 8.470000e+02; 8.120000e+02; 8.710000e+02; 7.760000e+02; 8.290000e+02; 7.560000e+02; 7.700000e+02; 7.470000e+02; 7.370000e+02; 7.920000e+02; 8.120000e+02; 8.030000e+02; 7.640000e+02; 8.790000e+02; 9.580000e+02; 9.080000e+02; 8.140000e+02; 8.610000e+02; 9.250000e+02; 1.103000e+03; 7.970000e+02; 7.820000e+02; 8.220000e+02; 9.870000e+02; 9.430000e+02; 9.999999e+06; 6.530000e+02; 6.910000e+02; 5.590000e+02; 7.930000e+02; 6.590000e+02; 6.280000e+02; 7.640000e+02; 7.740000e+02; 8.490000e+02; 7.530000e+02; 7.840000e+02; 9.270000e+02; 9.110000e+02; 9.170000e+02; 8.380000e+02; 9.980000e+02; 9.630000e+02; 7.240000e+02; 6.770000e+02; 8.430000e+02; 9.110000e+02; 8.330000e+02; 
6.190000e+02; 7.200000e+02; 7.070000e+02; 6.210000e+02; 8.500000e+02; 6.850000e+02; 7.050000e+02; 6.140000e+02; 7.230000e+02; 7.720000e+02; 7.640000e+02; 7.250000e+02; 7.560000e+02; 7.460000e+02; 8.070000e+02; 7.580000e+02; 7.390000e+02; 7.660000e+02; 8.830000e+02; 8.620000e+02; 5.960000e+02; 5.020000e+02; 7.400000e+02; 7.470000e+02; 7.910000e+02; 2.200000e+02; 1.340000e+02; 2.810000e+02; 4.470000e+02; 4.070000e+02; 1.360000e+02; 9.999999e+06; 4.850000e+02; 1.180000e+02; 8.150000e+02; 7.750000e+02; 7.520000e+02; 8.150000e+02; 8.300000e+02; 7.170000e+02; 8.530000e+02; 6.730000e+02; 7.000000e+02; 6.200000e+02; 7.950000e+02; 7.210000e+02; 7.780000e+02; 8.150000e+02; 5.200000e+02; 5.730000e+02; 5.280000e+02; 6.210000e+02; 5.140000e+02; 
7.680000e+02; 8.700000e+02; 8.530000e+02; 7.660000e+02; 1.000000e+03; 8.310000e+02; 8.530000e+02; 7.620000e+02; 8.720000e+02; 9.230000e+02; 9.050000e+02; 8.700000e+02; 9.100000e+02; 8.920000e+02; 9.560000e+02; 9.040000e+02; 8.930000e+02; 9.160000e+02; 1.032000e+03; 1.015000e+03; 7.420000e+02; 6.480000e+02; 8.840000e+02; 9.010000e+02; 9.360000e+02; 3.690000e+02; 2.790000e+02; 4.310000e+02; 5.980000e+02; 5.510000e+02; 2.850000e+02; 1.660000e+02; 9.999999e+06; 2.620000e+02; 9.640000e+02; 9.310000e+02; 8.980000e+02; 9.660000e+02; 9.830000e+02; 8.660000e+02; 1.000000e+03; 8.190000e+02; 8.540000e+02; 7.750000e+02; 9.460000e+02; 8.700000e+02; 9.260000e+02; 9.640000e+02; 6.690000e+02; 7.250000e+02; 6.760000e+02; 7.660000e+02; 6.640000e+02; 
7.220000e+02; 8.160000e+02; 8.010000e+02; 7.220000e+02; 9.510000e+02; 7.860000e+02; 8.050000e+02; 7.100000e+02; 8.200000e+02; 8.730000e+02; 8.600000e+02; 8.200000e+02; 8.590000e+02; 8.480000e+02; 9.010000e+02; 8.580000e+02; 8.470000e+02; 8.750000e+02; 9.780000e+02; 9.590000e+02; 7.020000e+02; 6.000000e+02; 8.370000e+02; 8.520000e+02; 8.940000e+02; 3.220000e+02; 2.320000e+02; 3.760000e+02; 5.540000e+02; 5.100000e+02; 2.350000e+02; 1.190000e+02; 3.810000e+02; 9.999999e+06; 9.150000e+02; 8.790000e+02; 8.520000e+02; 9.120000e+02; 9.310000e+02; 8.250000e+02; 9.500000e+02; 7.730000e+02; 7.970000e+02; 7.220000e+02; 9.020000e+02; 8.210000e+02; 8.710000e+02; 9.230000e+02; 6.250000e+02; 6.780000e+02; 6.210000e+02; 7.120000e+02; 6.110000e+02; 
7.300000e+02; 6.930000e+02; 8.610000e+02; 7.680000e+02; 8.830000e+02; 5.380000e+02; 4.930000e+02; 7.380000e+02; 6.780000e+02; 6.640000e+02; 6.190000e+02; 7.590000e+02; 7.790000e+02; 8.940000e+02; 8.250000e+02; 6.780000e+02; 6.890000e+02; 6.520000e+02; 6.190000e+02; 7.060000e+02; 8.380000e+02; 7.840000e+02; 8.980000e+02; 8.180000e+02; 1.026000e+03; 5.200000e+02; 4.350000e+02; 5.820000e+02; 7.520000e+02; 7.050000e+02; 2.740000e+02; 3.160000e+02; 1.690000e+02; 3.940000e+02; 9.999999e+06; 6.420000e+02; 6.980000e+02; 6.170000e+02; 7.550000e+02; 7.540000e+02; 7.220000e+02; 7.560000e+02; 8.960000e+02; 8.890000e+02; 8.890000e+02; 8.150000e+02; 9.740000e+02; 9.320000e+02; 9.500000e+01; 1.440000e+02; 9.900000e+01; 1.880000e+02; 8.400000e+01; 
3.410000e+02; 3.000000e+02; 3.110000e+02; 3.370000e+02; 2.570000e+02; 3.750000e+02; 3.380000e+02; 3.990000e+02; 3.050000e+02; 3.610000e+02; 2.540000e+02; 3.740000e+02; 4.270000e+02; 4.670000e+02; 4.740000e+02; 2.970000e+02; 3.060000e+02; 2.670000e+02; 2.370000e+02; 3.150000e+02; 2.640000e+02; 1.630000e+02; 3.840000e+02; 4.160000e+02; 4.620000e+02; 2.910000e+02; 2.150000e+02; 1.780000e+02; 3.490000e+02; 3.020000e+02; 4.610000e+02; 3.450000e+02; 1.940000e+02; 3.320000e+02; 3.240000e+02; 9.999999e+06; 1.350000e+02; 1.160000e+02; 1.370000e+02; 2.100000e+02; 1.090000e+02; 2.380000e+02; 2.750000e+02; 2.960000e+02; 2.720000e+02; 1.990000e+02; 3.580000e+02; 3.960000e+02; 1.240000e+02; 7.300000e+01; 2.430000e+02; 3.350000e+02; 2.310000e+02; 
3.710000e+02; 3.250000e+02; 3.410000e+02; 3.740000e+02; 2.920000e+02; 4.030000e+02; 3.600000e+02; 4.250000e+02; 3.310000e+02; 3.820000e+02; 1.390000e+02; 3.120000e+02; 3.080000e+02; 4.510000e+02; 3.520000e+02; 3.230000e+02; 3.350000e+02; 3.030000e+02; 2.660000e+02; 3.450000e+02; 2.970000e+02; 1.950000e+02; 4.130000e+02; 4.420000e+02; 4.850000e+02; 3.150000e+02; 2.460000e+02; 2.040000e+02; 3.730000e+02; 3.330000e+02; 3.410000e+02; 2.220000e+02; 8.100000e+01; 3.290000e+02; 3.510000e+02; 4.800000e+01; 9.999999e+06; 1.420000e+02; 1.580000e+02; 2.310000e+02; 1.330000e+02; 2.600000e+02; 3.070000e+02; 3.220000e+02; 3.010000e+02; 2.260000e+02; 3.860000e+02; 4.230000e+02; 1.520000e+02; 1.020000e+02; 2.710000e+02; 3.660000e+02; 2.640000e+02; 
2.470000e+02; 2.000000e+02; 3.300000e+02; 2.860000e+02; 2.760000e+02; 2.740000e+02; 2.360000e+02; 3.000000e+02; 2.030000e+02; 2.570000e+02; 2.180000e+02; 2.730000e+02; 3.830000e+02; 4.100000e+02; 4.340000e+02; 1.920000e+02; 2.070000e+02; 1.680000e+02; 1.390000e+02; 2.180000e+02; 2.820000e+02; 1.790000e+02; 3.950000e+02; 3.240000e+02; 4.720000e+02; 3.030000e+02; 2.310000e+02; 1.850000e+02; 2.800000e+02; 3.210000e+02; 4.280000e+02; 3.090000e+02; 1.570000e+02; 2.300000e+02; 3.340000e+02; 4.000000e+01; 9.300000e+01; 9.999999e+06; 1.540000e+02; 1.580000e+02; 1.200000e+02; 2.540000e+02; 2.930000e+02; 3.110000e+02; 2.910000e+02; 2.160000e+02; 3.670000e+02; 4.080000e+02; 1.480000e+02; 9.800000e+01; 2.690000e+02; 3.370000e+02; 2.610000e+02; 
2.250000e+02; 1.790000e+02; 1.950000e+02; 2.230000e+02; 1.400000e+02; 3.200000e+02; 2.800000e+02; 3.370000e+02; 2.490000e+02; 3.010000e+02; 1.470000e+02; 3.210000e+02; 3.210000e+02; 3.460000e+02; 3.670000e+02; 2.500000e+02; 2.640000e+02; 2.210000e+02; 1.880000e+02; 2.680000e+02; 3.010000e+02; 2.140000e+02; 2.650000e+02; 3.820000e+02; 4.990000e+02; 2.030000e+02; 2.650000e+02; 2.140000e+02; 3.370000e+02; 3.450000e+02; 3.610000e+02; 2.410000e+02; 8.800000e+01; 2.770000e+02; 2.020000e+02; 6.100000e+01; 2.300000e+01; 6.700000e+01; 9.999999e+06; 2.070000e+02; 1.470000e+02; 1.170000e+02; 1.570000e+02; 1.740000e+02; 1.520000e+02; 7.600000e+01; 2.380000e+02; 2.710000e+02; 1.680000e+02; 1.160000e+02; 2.790000e+02; 3.710000e+02; 2.680000e+02; 
3.310000e+02; 2.880000e+02; 3.050000e+02; 3.300000e+02; 2.530000e+02; 1.780000e+02; 1.390000e+02; 3.790000e+02; 2.920000e+02; 3.040000e+02; 2.210000e+02; 3.600000e+02; 3.950000e+02; 4.590000e+02; 4.330000e+02; 2.890000e+02; 3.010000e+02; 2.610000e+02; 2.270000e+02; 3.110000e+02; 3.040000e+02; 2.060000e+02; 3.740000e+02; 4.150000e+02; 4.910000e+02; 3.110000e+02; 2.550000e+02; 2.150000e+02; 3.700000e+02; 3.350000e+02; 4.330000e+02; 3.150000e+02; 1.660000e+02; 3.170000e+02; 3.150000e+02; 9.600000e+01; 9.800000e+01; 1.100000e+02; 1.250000e+02; 9.999999e+06; 1.440000e+02; 2.250000e+02; 2.670000e+02; 2.850000e+02; 2.650000e+02; 1.880000e+02; 3.410000e+02; 3.830000e+02; 2.150000e+02; 1.620000e+02; 3.290000e+02; 2.410000e+02; 3.170000e+02; 
2.500000e+02; 2.140000e+02; 2.230000e+02; 2.550000e+02; 1.740000e+02; 2.870000e+02; 2.450000e+02; 3.050000e+02; 2.090000e+02; 2.620000e+02; 1.650000e+02; 2.830000e+02; 3.350000e+02; 3.730000e+02; 3.850000e+02; 2.110000e+02; 2.180000e+02; 1.770000e+02; 1.520000e+02; 2.260000e+02; 1.700000e+02; 7.900000e+01; 2.970000e+02; 3.310000e+02; 3.650000e+02; 2.040000e+02; 1.320000e+02; 8.500000e+01; 2.600000e+02; 2.070000e+02; 3.730000e+02; 2.560000e+02; 1.090000e+02; 2.430000e+02; 2.340000e+02; 5.400000e+01; 4.700000e+01; 2.600000e+01; 4.800000e+01; 1.180000e+02; 9.999999e+06; 1.430000e+02; 1.880000e+02; 2.050000e+02; 1.810000e+02; 1.080000e+02; 2.600000e+02; 3.060000e+02; 1.670000e+02; 1.160000e+02; 2.790000e+02; 3.410000e+02; 2.710000e+02; 
5.290000e+02; 5.870000e+02; 5.760000e+02; 4.880000e+02; 7.380000e+02; 4.280000e+02; 4.560000e+02; 3.550000e+02; 5.740000e+02; 6.130000e+02; 5.480000e+02; 6.180000e+02; 6.230000e+02; 6.050000e+02; 6.690000e+02; 5.930000e+02; 6.020000e+02; 5.690000e+02; 5.370000e+02; 6.130000e+02; 4.940000e+02; 5.480000e+02; 5.610000e+02; 4.770000e+02; 6.930000e+02; 4.030000e+02; 4.540000e+02; 4.610000e+02; 3.800000e+02; 5.900000e+02; 5.560000e+02; 5.940000e+02; 4.450000e+02; 6.280000e+02; 2.890000e+02; 5.090000e+02; 5.660000e+02; 4.760000e+02; 6.130000e+02; 6.160000e+02; 5.860000e+02; 9.999999e+06; 1.720000e+02; 1.440000e+02; 2.270000e+02; 2.410000e+02; 2.320000e+02; 1.890000e+02; 2.570000e+02; 2.040000e+02; 3.700000e+02; 4.660000e+02; 3.580000e+02; 
4.120000e+02; 4.410000e+02; 4.610000e+02; 3.730000e+02; 5.920000e+02; 2.690000e+02; 2.870000e+02; 1.940000e+02; 4.210000e+02; 4.480000e+02; 4.950000e+02; 5.120000e+02; 5.090000e+02; 4.970000e+02; 5.560000e+02; 4.370000e+02; 4.470000e+02; 4.060000e+02; 3.730000e+02; 4.540000e+02; 4.270000e+02; 4.800000e+02; 4.900000e+02; 4.100000e+02; 6.280000e+02; 3.390000e+02; 4.000000e+02; 3.980000e+02; 3.220000e+02; 5.300000e+02; 4.960000e+02; 5.320000e+02; 3.810000e+02; 4.640000e+02; 2.290000e+02; 3.600000e+02; 4.180000e+02; 3.350000e+02; 4.640000e+02; 4.700000e+02; 4.360000e+02; 6.100000e+01; 9.999999e+06; 1.070000e+02; 1.580000e+02; 1.350000e+02; 8.400000e+01; 1.310000e+02; 2.120000e+02; 1.680000e+02; 3.090000e+02; 3.230000e+02; 2.970000e+02; 
3.930000e+02; 4.530000e+02; 4.400000e+02; 3.530000e+02; 6.220000e+02; 3.470000e+02; 3.700000e+02; 2.720000e+02; 4.970000e+02; 5.270000e+02; 4.980000e+02; 5.190000e+02; 4.950000e+02; 4.780000e+02; 5.440000e+02; 5.160000e+02; 5.270000e+02; 4.880000e+02; 4.520000e+02; 5.370000e+02; 4.590000e+02; 5.150000e+02; 5.200000e+02; 4.420000e+02; 6.590000e+02; 4.260000e+02; 4.780000e+02; 4.750000e+02; 3.990000e+02; 6.060000e+02; 5.280000e+02; 5.600000e+02; 4.130000e+02; 5.470000e+02; 2.610000e+02; 4.330000e+02; 4.970000e+02; 4.100000e+02; 5.510000e+02; 5.530000e+02; 5.150000e+02; 6.700000e+01; 9.400000e+01; 9.999999e+06; 1.900000e+02; 1.150000e+02; 1.630000e+02; 2.110000e+02; 1.280000e+02; 7.400000e+01; 2.450000e+02; 3.380000e+02; 2.390000e+02; 
4.640000e+02; 5.200000e+02; 5.080000e+02; 4.210000e+02; 6.480000e+02; 3.530000e+02; 3.700000e+02; 2.750000e+02; 4.010000e+02; 4.640000e+02; 5.050000e+02; 4.070000e+02; 5.580000e+02; 5.460000e+02; 6.050000e+02; 5.200000e+02; 5.330000e+02; 4.890000e+02; 4.570000e+02; 4.780000e+02; 2.820000e+02; 3.340000e+02; 3.460000e+02; 2.620000e+02; 4.830000e+02; 4.250000e+02; 3.980000e+02; 3.530000e+02; 4.010000e+02; 4.790000e+02; 3.430000e+02; 3.870000e+02; 2.340000e+02; 4.640000e+02; 8.600000e+01; 4.470000e+02; 4.970000e+02; 4.150000e+02; 5.180000e+02; 4.080000e+02; 5.280000e+02; 6.500000e+01; 9.800000e+01; 7.600000e+01; 9.999999e+06; 1.810000e+02; 1.700000e+02; 2.210000e+02; 1.610000e+02; 1.470000e+02; 1.670000e+02; 2.600000e+02; 1.520000e+02; 
2.960000e+02; 3.600000e+02; 3.440000e+02; 2.580000e+02; 5.270000e+02; 3.480000e+02; 3.750000e+02; 2.760000e+02; 4.270000e+02; 4.770000e+02; 3.940000e+02; 4.150000e+02; 3.980000e+02; 3.850000e+02; 4.400000e+02; 4.620000e+02; 4.490000e+02; 4.060000e+02; 4.590000e+02; 5.340000e+02; 3.600000e+02; 4.100000e+02; 4.300000e+02; 3.380000e+02; 5.520000e+02; 4.220000e+02; 4.750000e+02; 4.260000e+02; 3.980000e+02; 5.510000e+02; 4.260000e+02; 4.630000e+02; 3.150000e+02; 4.650000e+02; 1.620000e+02; 4.420000e+02; 4.230000e+02; 4.220000e+02; 5.260000e+02; 4.910000e+02; 5.230000e+02; 5.000000e+01; 9.400000e+01; 1.120000e+02; 9.400000e+01; 9.999999e+06; 1.730000e+02; 2.130000e+02; 2.260000e+02; 1.780000e+02; 2.400000e+02; 3.300000e+02; 2.320000e+02; 
3.390000e+02; 4.030000e+02; 3.870000e+02; 3.010000e+02; 5.240000e+02; 3.590000e+02; 3.870000e+02; 2.860000e+02; 4.430000e+02; 4.950000e+02; 4.350000e+02; 4.620000e+02; 4.360000e+02; 4.260000e+02; 4.790000e+02; 4.430000e+02; 4.530000e+02; 4.090000e+02; 3.770000e+02; 4.570000e+02; 3.540000e+02; 4.120000e+02; 4.220000e+02; 3.310000e+02; 5.540000e+02; 3.870000e+02; 4.430000e+02; 4.200000e+02; 3.640000e+02; 5.460000e+02; 4.230000e+02; 4.560000e+02; 3.100000e+02; 4.730000e+02; 1.600000e+02; 2.830000e+02; 3.380000e+02; 2.640000e+02; 3.940000e+02; 3.970000e+02; 3.690000e+02; 3.100000e+01; 1.100000e+02; 2.900000e+01; 8.800000e+01; 5.800000e+01; 9.999999e+06; 1.840000e+02; 1.440000e+02; 9.700000e+01; 2.400000e+02; 3.290000e+02; 2.210000e+02; 
3.640000e+02; 4.260000e+02; 4.110000e+02; 3.200000e+02; 5.640000e+02; 2.760000e+02; 2.990000e+02; 2.110000e+02; 4.250000e+02; 4.610000e+02; 3.790000e+02; 4.450000e+02; 4.650000e+02; 4.530000e+02; 5.110000e+02; 4.480000e+02; 4.600000e+02; 4.230000e+02; 3.860000e+02; 4.690000e+02; 3.140000e+02; 3.640000e+02; 3.780000e+02; 2.950000e+02; 5.100000e+02; 2.200000e+02; 2.780000e+02; 2.820000e+02; 2.030000e+02; 4.100000e+02; 3.830000e+02; 4.140000e+02; 2.720000e+02; 4.780000e+02; 1.130000e+02; 3.270000e+02; 3.830000e+02; 3.060000e+02; 4.340000e+02; 4.430000e+02; 4.060000e+02; 7.600000e+01; 2.600000e+01; 6.700000e+01; 4.700000e+01; 8.600000e+01; 6.100000e+01; 9.999999e+06; 1.770000e+02; 1.340000e+02; 1.930000e+02; 2.940000e+02; 1.840000e+02; 
1.551000e+03; 1.527000e+03; 1.596000e+03; 1.509000e+03; 1.784000e+03; 1.572000e+03; 1.562000e+03; 1.504000e+03; 1.522000e+03; 1.513000e+03; 1.653000e+03; 1.593000e+03; 1.650000e+03; 1.634000e+03; 1.695000e+03; 1.512000e+03; 1.530000e+03; 1.489000e+03; 1.455000e+03; 1.532000e+03; 1.512000e+03; 1.560000e+03; 1.549000e+03; 1.582000e+03; 1.505000e+03; 1.050000e+03; 1.026000e+03; 1.104000e+03; 1.028000e+03; 9.780000e+02; 1.419000e+03; 1.297000e+03; 1.562000e+03; 1.197000e+03; 1.678000e+03; 1.635000e+03; 1.678000e+03; 1.643000e+03; 1.747000e+03; 1.637000e+03; 1.717000e+03; 1.578000e+03; 1.617000e+03; 1.634000e+03; 1.614000e+03; 1.534000e+03; 1.693000e+03; 1.672000e+03; 9.999999e+06; 7.300000e+01; 2.330000e+02; 3.300000e+02; 2.240000e+02; 
1.599000e+03; 1.569000e+03; 1.649000e+03; 1.566000e+03; 1.834000e+03; 1.527000e+03; 1.515000e+03; 1.543000e+03; 1.478000e+03; 1.463000e+03; 1.706000e+03; 1.641000e+03; 1.621000e+03; 1.687000e+03; 1.673000e+03; 1.571000e+03; 1.578000e+03; 1.543000e+03; 1.504000e+03; 1.585000e+03; 1.548000e+03; 1.530000e+03; 1.496000e+03; 1.520000e+03; 1.458000e+03; 1.102000e+03; 1.078000e+03; 1.154000e+03; 1.079000e+03; 1.027000e+03; 1.360000e+03; 1.248000e+03; 1.506000e+03; 1.144000e+03; 1.628000e+03; 1.682000e+03; 1.727000e+03; 1.689000e+03; 1.754000e+03; 1.666000e+03; 1.775000e+03; 1.517000e+03; 1.568000e+03; 1.582000e+03; 1.557000e+03; 1.486000e+03; 1.638000e+03; 1.621000e+03; 6.000000e+01; 9.999999e+06; 1.880000e+02; 2.740000e+02; 1.690000e+02; 
1.504000e+03; 1.464000e+03; 1.629000e+03; 1.541000e+03; 1.713000e+03; 1.598000e+03; 1.564000e+03; 1.542000e+03; 1.528000e+03; 1.543000e+03; 1.552000e+03; 1.549000e+03; 1.454000e+03; 1.603000e+03; 1.497000e+03; 1.550000e+03; 1.557000e+03; 1.526000e+03; 1.490000e+03; 1.566000e+03; 1.539000e+03; 1.566000e+03; 1.579000e+03; 1.609000e+03; 1.534000e+03; 1.080000e+03; 1.062000e+03; 1.144000e+03; 1.060000e+03; 1.010000e+03; 1.192000e+03; 1.071000e+03; 1.343000e+03; 9.770000e+02; 1.621000e+03; 1.627000e+03; 1.593000e+03; 1.632000e+03; 1.577000e+03; 1.663000e+03; 1.715000e+03; 1.514000e+03; 1.553000e+03; 1.578000e+03; 1.548000e+03; 1.477000e+03; 1.627000e+03; 1.670000e+03; 4.400000e+01; 1.000000e+02; 9.999999e+06; 2.720000e+02; 1.590000e+02; 
1.505000e+03; 1.534000e+03; 1.545000e+03; 1.464000e+03; 1.705000e+03; 1.550000e+03; 1.572000e+03; 1.487000e+03; 1.533000e+03; 1.523000e+03; 1.607000e+03; 1.601000e+03; 1.548000e+03; 1.586000e+03; 1.590000e+03; 1.532000e+03; 1.543000e+03; 1.503000e+03; 1.470000e+03; 1.547000e+03; 1.519000e+03; 1.573000e+03; 1.563000e+03; 1.549000e+03; 1.517000e+03; 1.057000e+03; 1.045000e+03; 1.120000e+03; 1.040000e+03; 9.930000e+02; 1.280000e+03; 1.168000e+03; 1.432000e+03; 1.060000e+03; 1.366000e+03; 1.462000e+03; 1.581000e+03; 1.563000e+03; 1.584000e+03; 1.648000e+03; 1.551000e+03; 1.255000e+03; 1.302000e+03; 1.319000e+03; 1.298000e+03; 1.224000e+03; 1.380000e+03; 1.412000e+03; 2.400000e+01; 7.900000e+01; 1.060000e+02; 9.999999e+06; 2.400000e+02; 
1.520000e+03; 1.472000e+03; 1.612000e+03; 1.526000e+03; 1.722000e+03; 1.589000e+03; 1.574000e+03; 1.517000e+03; 1.528000e+03; 1.520000e+03; 1.559000e+03; 1.558000e+03; 1.466000e+03; 1.616000e+03; 1.513000e+03; 1.530000e+03; 1.536000e+03; 1.501000e+03; 1.466000e+03; 1.544000e+03; 1.517000e+03; 1.573000e+03; 1.562000e+03; 1.593000e+03; 1.518000e+03; 1.056000e+03; 1.044000e+03; 1.116000e+03; 1.036000e+03; 9.920000e+02; 1.206000e+03; 1.088000e+03; 1.352000e+03; 9.860000e+02; 1.469000e+03; 1.571000e+03; 1.607000e+03; 1.642000e+03; 1.595000e+03; 1.643000e+03; 1.658000e+03; 1.362000e+03; 1.411000e+03; 1.429000e+03; 1.401000e+03; 1.325000e+03; 1.479000e+03; 1.516000e+03; 2.100000e+01; 8.000000e+01; 2.900000e+01; 1.180000e+02; 9.999999e+06; 
Recursion step 1:
Costs:
0.000000e+00; 8.530000e+02; 9.050000e+02; 9.560000e+02; 1.032000e+03; 9.080000e+02; 9.870000e+02; 9.110000e+02; 9.110000e+02; 
9.990000e+02; 0.000000e+00; 6.540000e+02; 6.790000e+02; 9.920000e+02; 8.470000e+02; 8.480000e+02; 7.960000e+02; 3.430000e+02; 
6.550000e+02; 5.220000e+02; 0.000000e+00; 3.270000e+02; 5.830000e+02; 4.200000e+02; 6.120000e+02; 4.670000e+02; 4.250000e+02; 
4.860000e+02; 3.540000e+02; 1.220000e+02; 0.000000e+00; 4.790000e+02; 2.530000e+02; 4.430000e+02; 3.200000e+02; 3.990000e+02; 
4.250000e+02; 1.720000e+02; 2.550000e+02; 3.630000e+02; 0.000000e+00; 2.770000e+02; 3.630000e+02; 2.940000e+02; 2.250000e+02; 
6.000000e+02; 3.050000e+02; 3.360000e+02; 4.620000e+02; 3.890000e+02; 0.000000e+00; 3.500000e+02; 4.290000e+02; 4.210000e+02; 
9.600000e+02; 6.550000e+02; 7.180000e+02; 7.610000e+02; 9.980000e+02; 8.190000e+02; 0.000000e+00; 8.030000e+02; 4.990000e+02; 
7.380000e+02; 4.560000e+02; 6.180000e+02; 6.690000e+02; 6.130000e+02; 5.480000e+02; 6.060000e+02; 0.000000e+00; 4.660000e+02; 
1.834000e+03; 1.598000e+03; 1.706000e+03; 1.695000e+03; 1.585000e+03; 1.573000e+03; 1.154000e+03; 1.634000e+03; 0.000000e+00; 
Recursion step 2:
Costs:
0.000000e+00; 9.870000e+02; 9.560000e+02; 
1.834000e+03; 0.000000e+00; 1.706000e+03; 
6.550000e+02; 6.120000e+02; 0.000000e+00; 
