229342492
227981440
226012882
227948432
229580036
228663466
226145351
223920621
223567060
229591602
229161518
225163045
224190548
224196891
227933594
223818734
228572401
229959560
225802556
223711215
223832481
224291076
223780704
223904846
224944854
228713338
228797627
228456906
228631101
224546485
224316038
229376688
228584286
226226383
223747463
223785315
224232947
224038767
230101100
225938792
229667576
228899783
226105573
228427617
229674239
225644944
228637264
228603364
228002181
228433672
228685416
225683960
228660492
228450423
225893807
225063238
223072390
223806463
230032221
228722058
229011224
228815535
223707194
223967734
