230784152
228667543
226127376
224471551
223517355
224520264
223703934
230206730
225924360
230479688
225957709
223988693
223175769
224179210
229346512
228168387
228389823
227692826
227978451
227961259
229596031
224777578
224051132
223807342
224344972
223882641
224377251
223677780
224197304
224222183
223520585
225159628
228447834
228684262
229887515
224062602
223641568
224084055
224318113
223715224
224506736
229823961
225838226
223765322
224173201
224097843
223559155
230588503
226340482
223287085
223978425
224325718
223585133
224353158
224059110
223558217
224235065
223860552
223961170
225006395
222840035
224501824
223385021
225007943
