229570331
225950265
224467222
223702613
223990811
224504219
223590786
225365738
228817296
226513009
228873869
228734218
228204558
225285364
224402605
223823454
224337678
223454300
224167662
223705531
225080038
227321849
223910028
224049608
224143960
224197794
223242741
224341057
230003049
225882539
224296896
230519280
228189774
225590048
229595087
226327270
223433698
230927972
225868630
228197457
223111934
224579415
229113797
228009858
228364215
228439240
226365135
228718646
226925043
223349253
224362429
228365647
223283206
224312838
224185407
230092785
228686537
228594898
228356363
223991620
223649045
224894147
229244166
228537806
