Recursion step 0:
Partitions:
0; 3; 4; 5; 133; 169; 111; 110; 109; 107; 106; 105; 97; 98; 95; 94; 96; 165; 104; 114; 113; 164; 127; 126; 125; 129; 128; 130; 135; 138; 139; 140; 141; 6; 7; 8; 9; 10; 76; 74; 75; 11; 12; 13; 18; 19; 20; 37; 38; 39; 40; 156; 155; 41; 42; 45; 44; 46; 47; 48; 51; 52; 53; 43; 55; 54; 58; 59; 60; 61; 68; 67; 66; 65; 88; 153; 87; 85; 86; 83; 84; 71; 50; 49; 170; 168; 72; 78; 82; 79; 80; 81; 
1; 2; 
14; 15; 159; 16; 17; 21; 32; 158; 36; 157; 33; 31; 30; 28; 29; 22; 23; 24; 25; 150; 160; 151; 
26; 27; 
34; 35; 
56; 57; 62; 63; 64; 
69; 167; 70; 
73; 77; 
89; 90; 91; 154; 
92; 93; 
99; 102; 103; 163; 
100; 101; 
108; 166; 
112; 132; 
115; 116; 117; 118; 119; 124; 146; 145; 144; 143; 147; 148; 149; 161; 152; 142; 134; 131; 
120; 121; 122; 
123; 162; 
136; 137; 
Recursion step 1:
Partitions:
0; 4; 
1; 7; 
2; 3; 
5; 6; 
8; 12; 9; 
10; 11; 
13; 14; 17; 
15; 16; 
Recursion step 2:
