187005294
185168446
185020973
185059316
185113129
185117960
184986200
186387635
186028971
185635210
185167005
186051221
184653053
186354594
184865132
185182015
185058638
185850913
181585954
184933816
184808714
185321866
185026105
184668598
184419968
185625090
184970634
184784743
184359518
184241355
184259138
184115510
184591688
186044539
185092929
185227534
185226696
184217306
184998832
184717729
184849996
187471847
184921754
185115179
185002962
184712190
181436185
184880083
185457137
184915791
185978345
192083982
188205602
184894886
185323030
184796815
185349477
184843846
186933457
185265615
185230884
186243634
185099323
184947216
