185455249
185105868
185988570
184835236
184711470
184177135
185038921
184886302
184668535
185421504
185927154
185474049
185283813
184598781
186288502
184242222
186059684
184536681
184093368
185853267
184678559
184652794
184207385
185005788
184689474
184548443
184660460
185854226
185007243
184757541
184438736
184858661
184617017
184754917
185242213
185723074
184705940
184821507
185086565
184787238
184823685
184972698
185710515
185634829
184704508
185282030
184974174
184849415
184453134
184310094
184348071
184541658
185621949
184984529
184585333
184829437
184794071
184992937
184822848
184582055
185692151
184898617
185952119
184682125
