195748269
194815803
195138929
194857099
195534551
194510429
195314834
194660614
194704566
194475367
195270822
194691903
195931711
194589904
194710619
194441451
194527867
195873659
193979881
194373693
196247673
194277610
194618865
197074058
196112923
194672415
194649126
195040935
195237039
195523278
193587090
194356316
194872643
194521898
193831276
196442070
197969635
196439430
194644810
194655269
194772482
194757068
194586132
196658947
193991205
195606973
194720699
191999981
194828075
194637779
194952357
196226529
194442311
194673516
194435724
194850958
195043259
194618242
194832256
197477695
194763050
194922477
194583420
194524091
