195752334
195762736
194930785
194744905
194370344
194773548
194690420
194650695
194613009
195892111
196454347
194825529
194738424
194789502
194792185
195501105
194759177
195962583
194691313
194388884
194193078
194809630
194550257
194646114
194500563
196304031
194405576
194315555
194951513
194708726
194614610
194882707
194598527
196027777
195676852
194794894
195059410
194382840
194561398
194421500
194233023
195780025
194322911
194610721
193981950
194199738
193934062
194341161
195272358
194671122
194888953
194493188
195452107
194532475
195345129
196188429
196154593
195088937
195126302
194831384
194707681
195688086
195102238
194634871
