186396439
184921259
184689271
183617987
184763200
185852152
185359673
184706761
184388710
184669015
184296746
186224140
184965271
184803906
186110036
184817318
184632902
184584376
184447085
184276481
184163637
184155790
187711247
185517824
187039520
185121221
184518335
184483941
184796730
184259884
186561840
185399467
184774620
184998213
184696480
182055186
185034529
184488362
185384206
185755864
184915115
184971201
184846450
184661641
185149281
184761187
184920490
186093295
184818644
184732528
184683732
184400867
184315067
184341506
184467000
186400790
184497612
184659666
184570052
184563846
184989990
185291997
184540594
185547304
