185974048
183992317
185277095
184643127
185011343
184688077
184670499
185476146
186114709
185011246
182208641
185495308
184203481
184211890
184456520
186163850
185898972
184937498
184659793
184676333
184998608
184514434
184549915
184566842
185510022
184888913
184490762
184523035
184536413
186041187
184786168
184456259
185353110
184517548
182915741
184337144
183396406
184627786
184495530
184666354
184609463
186118459
184639572
184015239
184135758
185157152
184617248
185035418
184649183
185310886
184595256
184530987
184803341
184443209
184556466
184506381
184722081
185735225
184824084
184342221
182125056
184692907
184509009
184846406
