Recursion step 0:
Partitions:
0; 228; 70; 
1; 194; 
2; 122; 117; 
3; 80; 
4; 132; 
5; 36; 164; 
6; 159; 
7; 189; 
8; 152; 
9; 237; 
10; 234; 
11; 48; 
12; 88; 166; 
13; 106; 
14; 101; 
15; 242; 
16; 23; 
17; 29; 
18; 184; 71; 
19; 108; 
20; 137; 
21; 119; 
22; 195; 
24; 245; 
25; 147; 
26; 260; 172; 
27; 155; 
28; 226; 
30; 204; 
31; 200; 77; 
32; 253; 233; 
33; 86; 
34; 259; 
35; 219; 
37; 241; 
38; 121; 
39; 126; 
40; 209; 
41; 196; 
42; 222; 
43; 198; 
44; 211; 
45; 215; 
46; 54; 
47; 127; 
49; 76; 90; 
50; 66; 
51; 218; 
52; 227; 
53; 136; 
55; 255; 
56; 202; 
57; 149; 182; 
58; 161; 74; 
59; 109; 157; 
60; 210; 89; 
61; 248; 
62; 179; 
63; 124; 
64; 205; 
65; 167; 
67; 141; 
68; 236; 176; 
69; 98; 
72; 95; 
73; 214; 
75; 153; 
78; 261; 190; 
79; 193; 
81; 156; 
82; 216; 
83; 145; 134; 
84; 104; 221; 
85; 148; 
87; 246; 
91; 177; 
92; 186; 
93; 150; 
94; 181; 
96; 131; 
97; 116; 239; 
99; 208; 
100; 192; 
102; 112; 
103; 140; 
105; 120; 
107; 243; 
110; 235; 
111; 212; 
113; 252; 
114; 144; 
115; 125; 
118; 238; 
123; 256; 
128; 129; 220; 
130; 213; 
133; 158; 
135; 225; 
138; 230; 201; 
139; 163; 
142; 173; 
143; 191; 
146; 244; 
151; 199; 
154; 231; 
160; 178; 
162; 249; 223; 
165; 206; 
168; 170; 180; 
169; 229; 
171; 185; 
174; 258; 
175; 232; 
183; 217; 
187; 257; 
188; 247; 
197; 203; 
207; 250; 
224; 240; 
251; 254; 
Recursion step 1:
Partitions:
0; 28; 
1; 109; 
2; 71; 
3; 110; 
4; 11; 
5; 15; 
6; 99; 
7; 88; 
8; 24; 
9; 95; 51; 
10; 118; 
12; 85; 115; 
13; 80; 
14; 47; 
16; 36; 
17; 49; 25; 48; 93; 
18; 67; 
19; 27; 
20; 30; 
21; 22; 87; 
23; 84; 
26; 78; 
29; 46; 
31; 114; 
32; 92; 
33; 52; 
34; 50; 
35; 39; 
37; 54; 
38; 68; 
40; 117; 
41; 76; 
42; 57; 
43; 111; 
44; 100; 
45; 74; 
53; 108; 
55; 94; 
56; 62; 69; 
58; 106; 
59; 70; 
60; 83; 
61; 98; 
63; 86; 
64; 116; 107; 
65; 91; 
66; 104; 
72; 79; 
73; 77; 
75; 119; 
81; 90; 
82; 89; 
96; 102; 
97; 112; 
101; 113; 
103; 105; 
Recursion step 2:
Partitions:
0; 42; 
1; 51; 
2; 7; 
3; 50; 18; 
4; 16; 37; 
5; 47; 
6; 30; 
8; 11; 
9; 10; 
12; 34; 
13; 36; 
14; 33; 
15; 44; 
17; 28; 
19; 49; 
20; 45; 
21; 23; 
22; 52; 
24; 54; 
25; 40; 
26; 53; 27; 
29; 41; 
31; 55; 32; 
35; 48; 
38; 39; 
43; 46; 
Recursion step 3:
Partitions:
0; 3; 25; 
1; 7; 19; 
2; 5; 
4; 12; 
6; 15; 
8; 24; 
9; 14; 
10; 20; 
11; 21; 
13; 17; 
16; 18; 
22; 23; 
Recursion step 4:
