Recursion step 0:
Partitions:
0; 1; 
2; 3; 
4; 5; 
6; 7; 
8; 9; 
10; 11; 
12; 13; 
14; 15; 
16; 17; 
18; 19; 
20; 21; 
22; 23; 
24; 25; 
26; 27; 
28; 29; 
30; 31; 
32; 33; 
34; 35; 
36; 37; 
38; 39; 
40; 41; 
42; 43; 
44; 45; 
46; 47; 
48; 49; 
50; 51; 
52; 53; 
54; 55; 
56; 57; 
58; 59; 
60; 61; 
62; 63; 
64; 65; 
66; 67; 
68; 69; 
70; 71; 
72; 73; 
74; 75; 
76; 77; 
78; 79; 
80; 81; 
82; 83; 
84; 85; 
86; 87; 
88; 89; 
90; 91; 
92; 93; 
94; 95; 
96; 97; 
98; 99; 
100; 101; 
102; 103; 
104; 105; 
106; 107; 
108; 109; 
110; 111; 
112; 113; 
114; 115; 
116; 117; 
118; 119; 
Recursion step 1:
Partitions:
0; 35; 
1; 28; 
2; 19; 
3; 46; 
4; 13; 
5; 41; 31; 
6; 25; 
7; 14; 
8; 21; 
9; 16; 
10; 33; 
11; 49; 
12; 22; 
15; 37; 
17; 18; 
20; 45; 
23; 27; 
24; 39; 
26; 36; 
29; 30; 
32; 34; 
38; 55; 
40; 56; 59; 
42; 43; 
44; 52; 
47; 48; 
50; 51; 
53; 58; 
54; 57; 
Recursion step 2:
Partitions:
0; 3; 
1; 4; 
2; 5; 14; 
6; 17; 
7; 23; 
8; 13; 9; 
10; 22; 27; 
11; 16; 
12; 19; 
15; 20; 
18; 21; 
24; 25; 
26; 28; 
Recursion step 3:
Partitions:
0; 7; 10; 11; 2; 
1; 6; 
3; 4; 
5; 8; 
9; 12; 
Recursion step 4:
Partitions:
0; 4; 1; 
2; 3; 
Recursion step 5:
