Recursion step 0:
Partitions:
0; 1; 
2; 3; 
4; 17; 18; 
5; 6; 
7; 8; 
9; 10; 
11; 41; 
12; 13; 14; 
15; 16; 
19; 20; 
21; 22; 
23; 25; 
24; 26; 
27; 51; 
28; 29; 
30; 31; 
32; 33; 
34; 39; 
35; 36; 
37; 38; 
40; 42; 
43; 48; 
44; 45; 
46; 47; 
49; 50; 
52; 53; 
54; 59; 
55; 56; 
57; 58; 
60; 61; 
62; 63; 64; 
65; 66; 
67; 68; 
69; 91; 
70; 88; 
71; 72; 
73; 74; 75; 
76; 77; 
78; 79; 
80; 84; 
81; 85; 
82; 83; 
86; 87; 
89; 90; 
92; 95; 
93; 94; 
96; 97; 
98; 99; 100; 
101; 102; 
103; 115; 
104; 114; 105; 
106; 107; 
108; 109; 
110; 111; 
112; 113; 
116; 117; 
118; 119; 
120; 121; 
122; 123; 
124; 125; 
126; 127; 
128; 130; 129; 
131; 132; 
133; 134; 
135; 136; 
Recursion step 1:
Partitions:
0; 1; 
2; 3; 
4; 5; 
6; 20; 18; 
7; 8; 
9; 10; 
11; 12; 
13; 25; 
14; 15; 
16; 17; 
19; 21; 
22; 23; 
24; 35; 
26; 27; 
28; 29; 
30; 31; 
32; 33; 
34; 43; 
36; 37; 
38; 39; 
40; 42; 
41; 63; 
44; 45; 
46; 47; 
48; 64; 
49; 50; 
51; 52; 
53; 54; 
55; 56; 
57; 58; 
59; 60; 
61; 62; 
Recursion step 2:
Partitions:
0; 1; 
2; 8; 
3; 10; 
4; 11; 
5; 6; 
7; 9; 
12; 18; 
13; 14; 
15; 16; 
17; 22; 
19; 20; 
21; 31; 
23; 24; 
25; 27; 26; 
28; 30; 29; 
Recursion step 3:
Partitions:
0; 4; 1; 
2; 3; 
5; 7; 
6; 10; 
8; 9; 
11; 14; 
12; 13; 
Recursion step 4:
