2395716580
2387989024
2388014110
2383987224
2382392702
2391946738
2394034373
2395623356
2391995028
2387993695
2375999901
2391985265
2392004938
2392023710
2383990163
2396005008
2379986887
2384004472
2383982486
2392007143
2388046142
2390382398
2389566902
2391990778
2384019136
2379959234
2399997657
2380014901
2387999749
2388031983
2391964386
2384045227
2388018166
2387935432
2380009928
2391996570
2379990468
2384002268
2392021612
2383996580
2376001386
2379977654
2384479216
2387551140
2391981932
2383969994
2383991595
2392010424
2392001983
2383981515
2380013597
2392007681
2379993504
2388032624
2387950631
2384044366
2384156845
2387804249
2375990386
2391996762
2383994034
2384017015
2386265823
2389714069
