2451577102
2443988396
2443990880
2448019826
2444192746
2447794177
2440014018
2439966530
2436008154
2439988240
2436049242
2439960770
2440015441
2435987200
2435986696
2439185450
2448811505
2432008728
2444001632
2439184029
2440798448
2447995484
2432003771
2444014207
2440028445
2443986159
2435975915
2431985560
2429526759
2438466339
2440014571
2440023894
2443967831
2439999869
2428020121
2439991294
2448100353
2435120019
2440758412
2440017390
2435976437
2440095430
2433471149
2442439757
2432008592
2440018688
2448058685
2447903237
2436012033
2435986861
2439998373
2429589706
2450402449
2435992052
2432038859
2439998912
2439962227
2439986855
2444015904
2435991242
2436000475
2435993109
2436002614
2447989313
