2407689981
2403968548
2400003392
2400004442
2395974089
2396015604
2400010385
2399982828
2387115968
2400877707
2379643529
2396368932
2391959125
2400022131
2404020582
2403993188
2388080064
2395896640
2395987367
2384004992
2396039411
2399965652
2392004889
2383096863
2397093320
2395793280
2388008073
2391986010
2391980864
2396030996
2387967917
2392026037
2387989405
2404051253
2375660112
2400281144
2391994841
2400021439
2379986600
2400005194
2400044089
2391944140
2399991443
2379990337
2396028746
2395974462
2396029562
2383972894
2403994097
2388002014
2400005981
2387995274
2400083765
2399957550
2391961306
2391991536
2383072230
2376462935
2384486646
2396017782
2392426658
2395502009
2388028396
2400201382
