2387687521
2384025349
2383979530
2395987946
2391974617
2396020230
2380004184
2396007831
2394279911
2393702162
2399981801
2392002710
2388020282
2391986668
2392051769
2383936592
2388006092
2378570500
2393408853
2384208660
2383844388
2387957261
2392016108
2391981223
2391994096
2380029710
2391994831
2383977867
2386734254
2393262818
2383989717
2396038551
2395975988
2396628233
2383420793
2383931284
2392006235
2383971769
2392019485
2400010563
2391996609
2384006169
2391992243
2383998043
2383988769
2384040744
2391946181
2376044604
2383978375
2388196434
2383775017
2380038362
2387975984
2391999351
2382299011
2389680485
2396011478
2379972918
2396059645
2391980027
2384028635
2383938941
2388012571
2388043869
