2403771993
2387928037
2392011317
2400009958
2399996166
2387995157
2392016219
2395990615
2396053840
2399915728
2392020730
2387986803
2399997165
2400012148
2392000100
2387974239
2388001594
2400002274
2396005447
2387990353
2388034299
2395956579
2404065295
2395936294
2392026406
2395983251
2395999819
2384001005
2396003499
2395993181
2381452164
2398676188
2387876019
2393034699
2386952641
2403981209
2395998355
2384043038
2395980255
2395995775
2403993129
2396022998
2399972344
2384012755
2391980755
2392002632
2391970813
2383234019
2385111218
2382739532
2392939817
2392282546
2387695381
2380046435
2383054911
2400912391
2399969083
2392012213
2383610016
2400386956
2387995015
2388026610
2401497694
2381961688
