2431597755
2447622228
2440353570
2440009715
2447992012
2443984211
2437608764
2433623958
2444750912
2439979646
2440020486
2439989833
2443983507
2443988043
2448016551
2440014630
2439966535
2440015106
2435995196
2435243633
2436736059
2448021340
2443999886
2447990531
2440001740
2443990130
2431997455
2443999390
2439311176
2448705807
2447994971
2436047747
2433000886
2446951176
2435996266
2431994800
2432024434
2435951862
2448022208
2431996362
2444013015
2436032792
2443952875
2444214916
2439773668
2444010801
2435991845
2435991791
2431999152
2444011393
2429554903
2438443410
2439990277
2435984704
2444054623
2435216353
2436770961
2443970132
2440002384
2439999733
2444040913
2439946896
2440008062
2443996228
