87100754
72832236
79171786
87942707
88008550
88033107
87986078
87944596
87996967
88086479
70309290
85607764
80189584
82306633
81539375
71071185
84860034
88009886
74500108
89523245
87986571
87981955
88008791
88005058
88011472
72872376
79113857
72702113
87271686
87994258
87999922
88001920
72844385
79137561
80932640
91051722
83993749
79970793
80039651
87991899
87978880
88069862
72830743
79112456
87949328
88017859
88013559
72853925
87118104
80206570
87813665
87961041
87982833
83754126
88232457
88025576
82504777
85571281
73109901
86812608
83958836
88017511
88028321
87956769
