87918284
87958227
88002978
85867611
78138106
88008782
79987175
88000738
87980394
80082797
87916977
88010060
88006032
88032683
87931510
76097811
79894002
88002211
72949714
79080180
87937093
88076959
79957127
75293847
84713014
87976715
87979173
80037687
91930956
88031977
87989555
88001967
88058699
87937442
87985217
80005703
87976199
88015156
87989885
82588297
85477464
87912767
80010389
87983508
84004726
87985975
86558948
85445101
87998451
79993379
87992966
79964225
88026904
84067561
87895644
88028503
88016665
72998676
86991337
87994777
87977347
88000318
87996298
87970221
