69122586
91953014
87994325
88138509
87869777
88000081
80006734
83972574
88006595
88075857
79909930
87983763
88009640
87982846
79996446
88025392
87995078
72823254
79190307
83969697
87975524
83059649
79356140
85550150
88030098
79970257
87999187
88017181
88044041
82360870
85624538
87944593
79990550
88017200
87965889
88099282
82337190
83255675
78337773
79967397
81765339
76650064
93577457
79967934
80003993
88022301
87999580
87989493
82438352
83588293
85920994
80084687
87927455
88005322
80068881
87896020
88022288
80001343
87983726
87994149
88003976
87988462
86486569
85556069
