64346738
54351058
49660563
64024479
63925126
64009538
64013106
64023025
47942463
64005456
64017645
63969366
52406787
62210396
57332425
68036503
59964655
68026258
64060215
63941060
63969393
52354396
63653276
64021806
63959197
64004508
56003572
62453937
57446864
64081333
64009054
64050875
63934588
63979725
64006376
63987531
64007528
59969856
64029364
63988885
63980579
64019659
64005685
63995709
63962787
54084160
66009040
63933131
63950737
54296118
65736254
59981132
48996629
63002294
63980919
63990865
54683802
65326771
64054351
63929494
64005824
52315749
63669104
52339670
