60405782
63972081
63993475
64003750
64027219
52446258
55563730
55953638
62547572
57364672
68086166
52269097
63714944
63984250
64002327
60248475
59735713
64079741
55981807
59931207
63996590
64061125
64001065
63933369
50591463
57276646
68171268
53419096
66520233
52231215
63766768
62554339
57360156
52323657
63736680
52403216
63599300
64057039
63914781
64033177
64191206
54371021
65383206
64003998
52678072
52262172
63054173
59611936
64387656
64079369
63908334
64016391
63993817
63971031
58584959
57477290
67946409
63946737
64031776
54450887
61830221
50259489
57332635
68166120
