85282409
74085350
85943938
87964408
77970055
94048303
83969050
87979862
88036844
80278351
87659845
79067872
88981635
87960369
87999214
88000518
86595624
89361902
88052371
88037417
87945841
87968082
88002058
80032912
81650747
90295489
88010536
79977082
88015252
88156098
87835457
88028343
87947557
84011717
88099887
87897954
88123580
79868341
87979648
80035082
87971941
88063626
87921343
88009861
79992992
87972451
87995915
87997942
84546265
87453429
87989260
87990652
88028082
82618257
85392151
81534607
90396620
88096201
71371647
75319244
93221837
72819063
87169433
71441263
