Recursion step 0:
Partitions:
0; 1; 
2; 15; 
3; 4; 
5; 6; 7; 
8; 9; 
10; 18; 
11; 14; 
12; 13; 
16; 17; 
19; 25; 20; 
21; 28; 
22; 23; 
24; 145; 
26; 27; 
29; 50; 
30; 31; 
32; 34; 
33; 52; 
35; 41; 
36; 126; 
37; 117; 
38; 122; 
39; 104; 
40; 102; 
42; 43; 
44; 46; 
45; 48; 
47; 49; 
51; 55; 
53; 54; 
56; 60; 
57; 58; 
59; 61; 
62; 63; 
64; 65; 
66; 84; 
67; 73; 
68; 69; 
70; 72; 71; 
74; 75; 
76; 77; 
78; 79; 
80; 81; 
82; 83; 
85; 86; 
87; 93; 
88; 89; 90; 
91; 92; 
94; 95; 
96; 97; 
98; 106; 
99; 111; 
100; 113; 
101; 155; 
103; 105; 
107; 108; 
109; 110; 
112; 115; 
114; 116; 
118; 120; 
119; 123; 
121; 124; 
125; 131; 
127; 128; 
129; 130; 
132; 133; 
134; 170; 
135; 185; 183; 
136; 137; 141; 
138; 139; 
140; 184; 
142; 144; 143; 
146; 147; 
148; 149; 
150; 191; 196; 
151; 152; 
153; 154; 
156; 157; 
158; 162; 
159; 160; 
161; 165; 
163; 164; 
166; 167; 
168; 169; 
171; 173; 
172; 174; 175; 
176; 188; 
177; 179; 
178; 180; 
181; 182; 
186; 189; 187; 
190; 197; 
192; 193; 
194; 195; 
198; 199; 
200; 201; 
Recursion step 1:
Partitions:
0; 1; 
2; 3; 
4; 8; 
5; 9; 
6; 7; 
10; 13; 
11; 12; 68; 
14; 29; 
15; 16; 
17; 28; 
18; 23; 
19; 63; 
20; 22; 
21; 64; 
24; 25; 
26; 27; 
30; 32; 31; 
33; 34; 
35; 43; 
36; 39; 
37; 38; 
40; 41; 
42; 46; 
44; 47; 45; 
48; 51; 
49; 53; 
50; 54; 
52; 58; 
55; 56; 
57; 61; 82; 
59; 60; 
62; 65; 
66; 83; 
67; 70; 
69; 71; 
72; 73; 
74; 90; 
75; 76; 
77; 78; 
79; 80; 
81; 84; 
85; 86; 
87; 88; 
89; 93; 
91; 92; 
94; 95; 
Recursion step 2:
Partitions:
0; 1; 
2; 3; 4; 
5; 6; 11; 
7; 16; 
8; 9; 
10; 12; 
13; 30; 
14; 15; 
17; 20; 
18; 19; 
21; 22; 
23; 25; 
24; 27; 
26; 28; 
29; 31; 
32; 41; 40; 
33; 34; 
35; 36; 37; 
38; 39; 
42; 43; 
44; 45; 
Recursion step 3:
Partitions:
0; 1; 
2; 16; 
3; 4; 
5; 7; 13; 
6; 12; 14; 
8; 9; 
10; 11; 18; 
15; 19; 
17; 20; 
Recursion step 4:
Partitions:
0; 1; 
2; 5; 
3; 4; 6; 
7; 8; 
Recursion step 5:
Partitions:
0; 3; 
1; 2; 
Recursion step 6:
