Recursion step 0:
Partitions:
0; 1; 
2; 3; 
4; 5; 
6; 7; 
8; 9; 
10; 18; 
11; 12; 
13; 14; 
15; 16; 
17; 19; 
20; 21; 
22; 23; 
24; 83; 84; 
25; 26; 
27; 28; 
29; 32; 
30; 31; 
33; 37; 
34; 35; 36; 
38; 39; 40; 
41; 44; 
42; 43; 
45; 183; 
46; 47; 
48; 187; 
49; 182; 
50; 51; 
52; 57; 
53; 54; 
55; 56; 
58; 59; 
60; 61; 
62; 65; 
63; 64; 
66; 68; 67; 
69; 70; 
71; 72; 
73; 74; 
75; 76; 77; 
78; 87; 79; 
80; 86; 
81; 82; 
85; 88; 
89; 90; 
91; 92; 
93; 99; 
94; 95; 
96; 97; 
98; 100; 
101; 102; 
103; 104; 
105; 111; 106; 
107; 108; 
109; 123; 
110; 125; 126; 
112; 115; 
113; 116; 
114; 117; 
118; 119; 120; 
121; 122; 
124; 165; 
127; 129; 
128; 137; 
130; 131; 
132; 170; 
133; 134; 
135; 136; 
138; 141; 
139; 140; 
142; 143; 
144; 145; 
146; 147; 
148; 154; 
149; 203; 
150; 153; 
151; 152; 
155; 158; 
156; 157; 
159; 161; 160; 
162; 171; 
163; 172; 
164; 198; 
166; 167; 
168; 169; 
173; 174; 175; 
176; 178; 
177; 181; 
179; 180; 
184; 185; 
186; 195; 
188; 189; 
190; 192; 
191; 194; 193; 
196; 197; 
199; 200; 
201; 220; 
202; 210; 
204; 211; 
205; 207; 206; 
208; 209; 
212; 213; 
214; 215; 
216; 217; 
218; 219; 
221; 222; 
223; 224; 
225; 226; 
227; 228; 
Recursion step 1:
Partitions:
0; 14; 
1; 2; 3; 
4; 5; 
6; 8; 
7; 13; 
9; 10; 
11; 12; 
15; 17; 
16; 19; 
18; 44; 
20; 21; 
22; 23; 
24; 90; 
25; 88; 
26; 27; 
28; 29; 
30; 31; 
32; 33; 
34; 38; 
35; 36; 
37; 43; 
39; 42; 
40; 41; 
45; 48; 
46; 47; 
49; 51; 
50; 52; 
53; 60; 
54; 56; 
55; 57; 
58; 59; 
61; 62; 
63; 64; 
65; 66; 
67; 68; 
69; 70; 
71; 72; 
73; 97; 
74; 75; 
76; 78; 
77; 94; 
79; 81; 80; 
82; 83; 
84; 85; 
86; 87; 
89; 93; 
91; 92; 
95; 96; 
98; 99; 
100; 101; 
102; 103; 
104; 105; 
106; 107; 
Recursion step 2:
Partitions:
0; 4; 
1; 2; 
3; 5; 
6; 22; 
7; 8; 
9; 24; 
10; 11; 
12; 46; 
13; 45; 
14; 15; 
16; 17; 
18; 19; 
20; 21; 
23; 25; 
26; 28; 27; 
29; 30; 
31; 32; 33; 
34; 35; 
36; 37; 
38; 39; 
40; 47; 
41; 42; 
43; 44; 
48; 49; 
50; 52; 51; 
Recursion step 3:
Partitions:
0; 4; 
1; 2; 
3; 9; 10; 
5; 13; 
6; 7; 
8; 22; 
11; 12; 
14; 15; 
16; 21; 
17; 19; 
18; 20; 
23; 24; 
Recursion step 4:
Partitions:
0; 1; 
2; 6; 
3; 7; 
4; 5; 
8; 9; 
10; 11; 
Recursion step 5:
