Recursion step 0:
Partitions:
0; 1; 
2; 15; 
3; 4; 
5; 7; 6; 
8; 9; 
10; 18; 
11; 14; 
12; 13; 
16; 17; 
19; 25; 20; 
21; 28; 
22; 23; 
24; 145; 
26; 27; 
29; 50; 
30; 31; 
32; 34; 
33; 52; 
35; 41; 
36; 126; 
37; 117; 
38; 122; 
39; 104; 
40; 102; 
42; 43; 
44; 46; 
45; 48; 
47; 49; 
51; 55; 
53; 54; 
56; 60; 
57; 58; 
59; 61; 
62; 63; 
64; 65; 
66; 84; 
67; 73; 
68; 69; 
70; 71; 72; 
74; 75; 
76; 77; 
78; 79; 
80; 81; 
82; 83; 
85; 86; 
87; 93; 
88; 89; 90; 
91; 92; 
94; 95; 
96; 97; 
98; 106; 
99; 111; 
100; 113; 
101; 155; 
103; 105; 
107; 108; 
109; 110; 
112; 115; 
114; 116; 
118; 120; 
119; 123; 
121; 124; 
125; 131; 
127; 128; 
129; 130; 
132; 133; 
134; 170; 
135; 183; 185; 
136; 137; 141; 
138; 139; 
140; 184; 
142; 144; 143; 
146; 147; 
148; 149; 
150; 191; 196; 
151; 152; 
153; 154; 
156; 207; 
157; 158; 
159; 162; 
160; 161; 
163; 164; 
165; 210; 
166; 167; 
168; 169; 
171; 173; 
172; 174; 175; 
176; 188; 
177; 179; 
178; 180; 
181; 182; 
186; 187; 189; 
190; 197; 
192; 193; 
194; 195; 
198; 199; 
200; 253; 
201; 259; 
202; 203; 
204; 205; 
206; 208; 
209; 211; 
212; 220; 
213; 214; 
215; 216; 
217; 218; 
219; 221; 
222; 223; 
224; 225; 
226; 285; 286; 
227; 228; 
229; 230; 
231; 234; 
232; 233; 
235; 239; 
236; 237; 238; 
240; 242; 241; 
243; 246; 
244; 245; 
247; 385; 
248; 249; 
250; 389; 
251; 384; 
252; 254; 
255; 256; 
257; 258; 
260; 261; 
262; 263; 
264; 267; 
265; 266; 
268; 269; 270; 
271; 272; 
273; 274; 
275; 276; 
277; 278; 279; 
280; 281; 289; 
282; 288; 
283; 284; 
287; 290; 
291; 292; 
293; 294; 
295; 301; 
296; 297; 
298; 299; 
300; 302; 
303; 304; 
305; 306; 
307; 308; 313; 
309; 310; 
311; 325; 
312; 328; 327; 
314; 317; 
315; 318; 
316; 319; 
320; 322; 321; 
323; 324; 
326; 367; 
329; 331; 
330; 339; 
332; 333; 
334; 372; 
335; 336; 
337; 338; 
340; 343; 
341; 342; 
344; 345; 
346; 347; 
348; 349; 
350; 356; 
351; 405; 
352; 355; 
353; 354; 
357; 360; 
358; 359; 
361; 363; 362; 
364; 373; 
365; 374; 
366; 400; 
368; 369; 
370; 371; 
375; 377; 376; 
378; 380; 
379; 383; 
381; 382; 
386; 387; 
388; 397; 
390; 391; 
392; 394; 
393; 395; 396; 
398; 399; 
401; 402; 
403; 422; 
404; 412; 
406; 413; 
407; 408; 409; 
410; 411; 
414; 415; 
416; 417; 
418; 419; 
420; 421; 
423; 424; 
425; 426; 
427; 428; 
429; 430; 
Recursion step 1:
Partitions:
0; 1; 
2; 3; 
4; 8; 
5; 9; 
6; 7; 
10; 11; 
12; 72; 
13; 19; 
14; 29; 
15; 16; 
17; 28; 
18; 20; 
21; 64; 
22; 23; 
24; 25; 
26; 27; 
30; 31; 32; 
33; 34; 
35; 43; 
36; 39; 
37; 38; 
40; 98; 
41; 42; 
44; 46; 
45; 47; 
48; 49; 
50; 54; 
51; 52; 
53; 78; 
55; 56; 
57; 61; 
58; 83; 
59; 60; 
62; 65; 
63; 68; 
66; 84; 
67; 70; 
69; 71; 
73; 74; 
75; 76; 
77; 80; 
79; 81; 
82; 101; 
85; 86; 
87; 91; 
88; 89; 
90; 94; 
92; 93; 
95; 96; 
97; 126; 
99; 100; 
102; 123; 
103; 107; 
104; 110; 
105; 106; 
108; 109; 
111; 113; 
112; 114; 
115; 142; 
116; 119; 
117; 118; 
120; 121; 
122; 184; 
124; 125; 
127; 128; 129; 
130; 131; 132; 
133; 139; 
134; 135; 
136; 137; 
138; 140; 
141; 144; 
143; 146; 
145; 147; 
148; 149; 
150; 156; 
151; 153; 152; 
154; 155; 
157; 160; 
158; 159; 
161; 162; 
163; 164; 
165; 166; 
167; 168; 
169; 193; 
170; 171; 
172; 174; 
173; 190; 
175; 180; 
176; 177; 
178; 179; 
181; 182; 183; 
185; 189; 
186; 187; 188; 
191; 192; 
194; 195; 
196; 197; 
198; 199; 
200; 201; 
202; 203; 
Recursion step 2:
Partitions:
0; 1; 
2; 3; 4; 
5; 34; 7; 
6; 39; 38; 44; 36; 33; 37; 
8; 10; 9; 
11; 13; 
12; 32; 
14; 15; 
16; 17; 20; 
18; 19; 
21; 22; 
23; 24; 
25; 27; 
26; 29; 
28; 41; 
30; 31; 
35; 43; 
40; 50; 
42; 45; 
46; 51; 
47; 48; 
49; 64; 63; 
52; 54; 
53; 56; 
55; 68; 
57; 58; 
59; 90; 
60; 61; 
62; 91; 92; 
65; 67; 
66; 69; 
70; 71; 72; 
73; 74; 
75; 76; 
77; 89; 
78; 79; 
80; 81; 
82; 84; 85; 86; 93; 94; 83; 
87; 88; 
95; 98; 
96; 97; 
Recursion step 3:
Partitions:
0; 1; 
2; 3; 
4; 8; 
5; 6; 
7; 13; 
9; 10; 
11; 17; 
12; 15; 
14; 16; 
18; 22; 
19; 20; 
21; 24; 
23; 25; 
26; 38; 
27; 28; 
29; 30; 
31; 32; 33; 
34; 35; 
36; 37; 
39; 40; 
Recursion step 4:
Partitions:
0; 2; 
1; 10; 
3; 4; 
5; 6; 
7; 8; 
9; 12; 
11; 15; 
13; 14; 
16; 17; 
18; 19; 
Recursion step 5:
Partitions:
0; 3; 
1; 2; 4; 
5; 8; 6; 
7; 9; 
Recursion step 6:
Partitions:
0; 1; 
2; 3; 
Recursion step 7:
