Recursion step 0:
Partitions:
0; 309; 
1; 478; 
2; 3; 4; 
5; 18; 19; 
6; 7; 
8; 9; 
10; 11; 
12; 42; 
13; 15; 14; 
16; 17; 
20; 21; 
22; 23; 
24; 26; 
25; 27; 
28; 52; 
29; 30; 
31; 32; 
33; 34; 
35; 40; 
36; 37; 
38; 39; 
41; 43; 
44; 49; 
45; 46; 
47; 48; 
50; 51; 
53; 54; 
55; 60; 
56; 57; 
58; 59; 
61; 62; 
63; 65; 64; 
66; 67; 
68; 69; 
70; 92; 
71; 89; 
72; 73; 
74; 76; 75; 
77; 78; 
79; 80; 
81; 85; 
82; 86; 
83; 84; 
87; 88; 
90; 91; 
93; 96; 
94; 95; 
97; 98; 
99; 101; 100; 
102; 103; 
104; 116; 
105; 106; 115; 
107; 665; 108; 
109; 110; 
111; 112; 
113; 114; 
117; 118; 
119; 120; 
121; 122; 
123; 124; 
125; 126; 
127; 128; 
129; 131; 130; 
132; 133; 
134; 135; 
136; 137; 
138; 166; 
139; 140; 234; 
141; 142; 
143; 144; 
145; 238; 
146; 147; 
148; 182; 
149; 379; 
150; 151; 
152; 388; 
153; 434; 
154; 155; 
156; 157; 
158; 502; 
159; 163; 
160; 161; 162; 
164; 165; 
167; 168; 
169; 173; 
170; 181; 
171; 172; 
174; 175; 
176; 177; 
178; 179; 
180; 186; 
183; 187; 
184; 185; 
188; 192; 
189; 190; 
191; 195; 
193; 194; 
196; 197; 
198; 199; 
200; 201; 
202; 233; 
203; 204; 205; 
206; 207; 
208; 209; 
210; 212; 211; 
213; 214; 
215; 225; 
216; 217; 
218; 219; 
220; 228; 
221; 224; 
222; 223; 
226; 227; 
229; 230; 
231; 232; 
235; 249; 236; 
237; 241; 
239; 240; 
242; 243; 
244; 252; 
245; 248; 
246; 247; 
250; 251; 
253; 259; 254; 
255; 262; 
256; 257; 
258; 378; 
260; 261; 
263; 284; 
264; 265; 
266; 268; 
267; 286; 
269; 275; 
270; 360; 
271; 351; 
272; 356; 
273; 338; 
274; 336; 
276; 277; 
278; 280; 
279; 282; 
281; 283; 
285; 289; 
287; 288; 
290; 294; 
291; 292; 
293; 295; 
296; 297; 
298; 299; 
300; 301; 
302; 303; 
304; 306; 305; 
307; 308; 
310; 311; 
312; 313; 
314; 315; 
316; 317; 318; 
319; 320; 
321; 327; 
322; 324; 323; 
325; 326; 
328; 329; 
330; 331; 
332; 340; 
333; 345; 
334; 347; 
335; 389; 
337; 339; 
341; 342; 
343; 344; 
346; 349; 
348; 350; 
352; 354; 
353; 357; 
355; 358; 
359; 365; 
361; 362; 
363; 364; 
366; 367; 
368; 404; 
369; 419; 417; 
370; 371; 375; 
372; 373; 
374; 418; 
376; 377; 
380; 381; 
382; 383; 
384; 425; 430; 
385; 387; 386; 
390; 441; 
391; 392; 
393; 396; 
394; 395; 
397; 398; 
399; 444; 
400; 401; 
402; 403; 
405; 407; 
406; 409; 408; 
410; 422; 
411; 413; 
412; 414; 
415; 416; 
420; 421; 423; 
424; 431; 
426; 427; 
428; 429; 
432; 433; 
435; 493; 
436; 437; 
438; 439; 
440; 442; 
443; 445; 
446; 454; 
447; 448; 
449; 450; 
451; 452; 
453; 455; 
456; 457; 
458; 459; 
460; 519; 520; 
461; 462; 
463; 464; 
465; 468; 
466; 467; 
469; 473; 
470; 472; 471; 
474; 476; 475; 
477; 481; 
479; 480; 
482; 483; 
484; 623; 
485; 618; 619; 
486; 488; 487; 
489; 490; 
491; 492; 
494; 495; 
496; 497; 
498; 501; 
499; 500; 
503; 504; 
505; 506; 
507; 508; 
509; 510; 
511; 513; 512; 
514; 515; 523; 
516; 522; 
517; 518; 
521; 524; 
525; 526; 
527; 528; 
529; 535; 
530; 531; 
532; 533; 
534; 536; 
537; 538; 
539; 540; 
541; 542; 547; 
543; 544; 
545; 559; 
546; 561; 562; 
548; 551; 
549; 552; 
550; 553; 
554; 556; 555; 
557; 558; 
560; 601; 
563; 565; 
564; 573; 
566; 567; 
568; 606; 
569; 570; 
571; 572; 
574; 577; 
575; 576; 
578; 579; 
580; 581; 
582; 583; 
584; 590; 
585; 639; 
586; 589; 
587; 588; 
591; 594; 
592; 593; 
595; 597; 596; 
598; 607; 
599; 608; 
600; 634; 
602; 603; 
604; 605; 
609; 611; 610; 
612; 614; 
613; 617; 
615; 616; 
620; 621; 
622; 631; 
624; 625; 
626; 628; 
627; 629; 630; 
632; 633; 
635; 636; 
637; 656; 
638; 646; 
640; 647; 
641; 642; 643; 
644; 645; 
648; 649; 
650; 651; 
652; 653; 
654; 655; 
657; 658; 
659; 660; 
661; 662; 
663; 664; 
Recursion step 1:
Partitions:
0; 152; 
1; 2; 
3; 4; 
5; 6; 
7; 24; 
8; 23; 9; 
10; 11; 
12; 13; 
14; 26; 
15; 16; 
17; 20; 
18; 22; 
19; 21; 
25; 36; 
27; 28; 
29; 30; 
31; 33; 32; 
34; 46; 
35; 44; 
37; 38; 
39; 40; 
41; 43; 
42; 64; 
45; 47; 
48; 65; 
49; 50; 
51; 55; 
52; 313; 
53; 54; 
56; 57; 
58; 59; 
60; 61; 
62; 63; 
66; 83; 
67; 115; 
68; 69; 
70; 116; 117; 
71; 118; 122; 
72; 85; 
73; 74; 75; 
76; 207; 
77; 78; 
79; 240; 
80; 81; 
82; 242; 241; 
84; 87; 
86; 88; 
89; 90; 
91; 92; 
93; 94; 
95; 97; 
96; 102; 
98; 99; 
100; 101; 
103; 105; 104; 
106; 111; 
107; 108; 109; 
110; 112; 
113; 114; 
119; 123; 
120; 121; 
124; 125; 
126; 184; 
127; 133; 
128; 143; 
129; 130; 
131; 142; 
132; 134; 
135; 173; 172; 
136; 137; 
138; 139; 
140; 141; 
144; 146; 145; 
147; 148; 
149; 156; 
150; 151; 
153; 209; 
154; 155; 
157; 159; 
158; 160; 
161; 162; 
163; 167; 
164; 165; 
166; 190; 
168; 169; 
170; 174; 
171; 195; 
175; 178; 
176; 177; 
179; 196; 
180; 183; 
181; 182; 
185; 188; 
186; 187; 
189; 192; 
191; 193; 
194; 212; 
197; 198; 
199; 203; 
200; 201; 
202; 206; 
204; 205; 
208; 236; 
210; 211; 
213; 233; 
214; 218; 
215; 221; 
216; 217; 
219; 220; 
222; 224; 
223; 225; 
226; 252; 
227; 228; 
229; 230; 
231; 296; 
232; 294; 
234; 235; 
237; 238; 239; 
243; 249; 
244; 245; 
246; 247; 
248; 250; 
251; 254; 
253; 256; 
255; 257; 
258; 259; 
260; 266; 
261; 262; 263; 
264; 265; 
267; 270; 
268; 269; 
271; 272; 
273; 275; 274; 
276; 277; 
278; 303; 
279; 283; 
280; 281; 
282; 284; 
285; 290; 
286; 287; 
288; 289; 
291; 293; 292; 
295; 299; 
297; 298; 
300; 310; 
301; 302; 
304; 305; 
306; 307; 
308; 309; 
311; 312; 
Recursion step 2:
Partitions:
0; 1; 
2; 3; 
4; 5; 
6; 7; 
8; 10; 11; 
9; 12; 
13; 16; 
14; 15; 
17; 18; 
19; 20; 21; 
22; 32; 
23; 24; 
25; 29; 
26; 28; 27; 
30; 31; 
33; 45; 
34; 35; 
36; 37; 
38; 48; 49; 47; 46; 
39; 92; 
40; 93; 
41; 117; 
42; 44; 43; 
50; 52; 54; 55; 57; 56; 51; 
53; 58; 
59; 60; 
61; 63; 
62; 91; 
64; 66; 65; 
67; 69; 
68; 88; 
70; 71; 
72; 75; 
73; 74; 
76; 77; 
78; 79; 
80; 82; 
81; 84; 
83; 95; 
85; 86; 
87; 90; 
89; 97; 
94; 103; 
96; 99; 
98; 101; 
100; 104; 
102; 116; 
105; 107; 
106; 109; 
108; 120; 
110; 111; 
112; 115; 
113; 114; 
118; 121; 119; 
122; 124; 123; 
125; 126; 
127; 128; 
129; 131; 130; 
132; 133; 
134; 135; 
136; 137; 
138; 139; 
140; 141; 
142; 143; 
144; 145; 
146; 147; 
148; 149; 
Recursion step 3:
Partitions:
0; 2; 
1; 3; 
4; 5; 
6; 7; 
8; 9; 11; 
10; 14; 
12; 13; 
15; 18; 
16; 25; 17; 
19; 20; 
21; 22; 
23; 24; 
26; 40; 27; 
28; 32; 
29; 30; 
31; 37; 
33; 35; 
34; 42; 
36; 39; 38; 
41; 44; 
43; 47; 
45; 46; 
48; 50; 
49; 53; 
51; 63; 52; 
54; 56; 
55; 57; 
58; 60; 
59; 65; 
61; 62; 
64; 66; 
Recursion step 4:
Partitions:
0; 1; 
2; 3; 
4; 5; 6; 
7; 11; 
8; 13; 
9; 19; 
10; 23; 
12; 14; 
15; 18; 
16; 17; 
20; 21; 
22; 24; 
25; 26; 
27; 29; 
28; 30; 
Recursion step 5:
Partitions:
0; 1; 
2; 3; 
4; 7; 5; 
6; 10; 
8; 9; 
11; 12; 
13; 14; 
Recursion step 6:
Partitions:
0; 4; 2; 
1; 6; 
3; 5; 
Recursion step 7:
