Recursion step 0:
Partitions:
0; 28; 
1; 2; 
3; 4; 
5; 6; 7; 
8; 9; 
10; 44; 
11; 12; 13; 
14; 15; 
16; 19; 17; 
18; 20; 
21; 25; 
22; 23; 24; 
26; 27; 
29; 30; 
31; 35; 
32; 43; 
33; 34; 
36; 37; 
38; 39; 
40; 41; 
42; 48; 
45; 49; 
46; 47; 
50; 54; 
51; 52; 
53; 57; 
55; 56; 
58; 59; 
60; 61; 
62; 63; 
64; 95; 
65; 67; 66; 
68; 69; 
70; 71; 
72; 74; 73; 
75; 76; 
77; 87; 
78; 79; 
80; 81; 
82; 90; 
83; 86; 
84; 85; 
88; 89; 
91; 92; 
93; 94; 
Recursion step 1:
Partitions:
0; 13; 
1; 2; 
3; 4; 
5; 15; 
6; 7; 
8; 9; 
10; 12; 11; 
14; 17; 
16; 18; 
19; 20; 
21; 22; 
23; 24; 
25; 27; 
26; 32; 
28; 29; 
30; 31; 
33; 35; 34; 
36; 41; 
37; 38; 39; 
40; 42; 
43; 44; 
Recursion step 2:
Partitions:
0; 7; 
1; 2; 
3; 10; 11; 9; 8; 
4; 5; 
6; 14; 
12; 13; 
15; 20; 
16; 17; 
18; 19; 
Recursion step 3:
