1259374805
1255916554
1255941597
1247939239
1255906263
1255928362
1255949167
1240049689
1255827639
1247937714
1255910528
1247953021
1255929433
1259904409
1255966016
1255904486
1247928933
1259955586
1251900681
1244511436
1247407462
1247881418
1251922327
1243965319
1247948661
1255892515
1267929761
1251958311
1263922169
1259928909
1251965058
1255888265
1255937972
1251936006
1259905577
1247957418
1247923452
1247945323
1247925440
1259914431
1255955616
1251945643
1255914855
1247931624
1247943653
1255922278
1255906602
1255951188
1259958694
1255921641
1255917849
1255941828
1251936171
1247929032
1247960039
1247906750
1255922652
1251941666
1251902088
1255986495
1255902343
1255913095
1255965672
1255912106
