1224255185
1217016829
1230806813
1221077721
1222722445
1232031873
1217014577
1223920733
1223944069
1223940175
1223940967
1226798374
1229012766
1230846396
1223874787
1228025167
1225020713
1219929518
1223989103
1215844799
1219961769
1230808804
1221006756
1221392479
1221456356
1231879846
1221053855
1238808255
1221033751
1230831695
1223917207
1224987579
1230879964
1227941936
1225027420
1227958150
1223939533
1222379578
1221496170
1223943454
1227894491
1226856910
1223331269
1225630127
1222795568
1225460973
1238422428
1231925685
1219922788
1227938904
1227935545
1223938435
1221033243
1230808292
1223550737
1232316122
1228263117
1228725094
1230820194
1225009105
1226849825
1232044159
1227823190
1225030072
