1251821629
1255933248
1259926283
1251926512
1243917357
1255948504
1255950989
1251917669
1255946470
1239965220
1259890704
1259924368
1255919873
1247945608
1247940452
1247955654
1251883653
1243955404
1255903406
1247940824
1247935431
1255942035
1255909697
1247942662
1255934855
1247947680
1235932594
1251907935
1255973702
1247921699
1247926935
1255941751
1255880117
1255984084
1255876420
1259931597
1251948966
1255966216
1255903971
1255917149
1247928374
1255935358
1259935910
1255918174
1251955839
1259906465
1255974114
1251921150
1252075820
1233327193
1250358017
1259944827
1255934394
1255942239
1256269174
1251597840
1251925291
1243964705
1255882337
1256074567
1251815855
1247910716
1242306877
1257619516
