1252008785
1255935602
1255878795
1255947151
1251926373
1255940459
1255949244
1251909374
1255927318
1247931589
1255946303
1251929201
1247931659
1251930346
1251944188
1239915266
1237488750
1254401767
1251918977
1247906293
1259938335
1251929185
1255941045
1255942255
1263920312
1255925117
1247938265
1247934326
1255935094
1252011163
1251867472
1255935358
1251943362
1251906698
1247930066
1243918686
1251968726
1255910839
1251932568
1247930897
1248004266
1247881911
1251909933
1251974906
1243910087
1251942016
1243904676
1247939042
1247906437
1247959870
1251899166
1252207057
1251661376
1251938873
1255950359
1251950431
1255924193
1243928444
1255905803
1251928000
1251944867
1247912081
1248065047
1251819684
