1254193682
1255979438
1251880697
1233427147
1254424714
1247958800
1251924455
1251950486
1251969337
1243873445
1247956049
1251916964
1263918928
1255952437
1255906923
1244005371
1255884183
1239910449
1247932643
1244036955
1247816201
1255919541
1251950498
1247933987
1255930768
1247931421
1255918582
1247930050
1251960613
1255939879
1252178825
1243672688
1243924447
1247947804
1251910249
1255941397
1251910451
1247928391
1255954401
1247931569
1251925675
1252193973
1243659562
1243957377
1251905059
1255925138
1251952905
1247921903
1255944709
1247930549
1251922516
1255946828
1248182468
1251688029
1251906112
1244377779
1255478873
1239974177
1251899955
1247961263
1251904982
1255945477
1247925921
1244120549
