1236289790
1219892106
1225041186
1227925066
1230841484
1225061919
1218838588
1224949741
1230903415
1235896691
1231931538
1217054291
1230827599
1227904028
1218675890
1229189387
1217092414
1230769005
1231926692
1231980995
1225016477
1226810090
1221008642
1226815646
1231975218
1232160065
1231765422
1224989711
1223923666
1223978198
1226771997
1231946030
1224999721
1230875131
1221048145
1218163512
1217688999
1224021854
1223831025
1223947545
1219889576
1226833033
1221072861
1230820263
1225003175
1231186624
1227610480
1217033928
1230803719
1231982214
1224022621
1227794067
1227925156
1225016568
1223987435
1216546681
1230151470
1231985842
1224984160
1218637642
1217628797
1218417905
1225027786
1220037149
