Recursion step 0:
Partitions:
0; 91; 7; 25; 64; 65; 3; 96; 74; 18; 52; 89; 48; 5; 62; 46; 
1; 43; 68; 72; 49; 
2; 28; 33; 45; 42; 
4; 51; 29; 38; 36; 
6; 56; 11; 
8; 86; 50; 
9; 83; 
10; 97; 90; 22; 44; 31; 14; 16; 
12; 75; 32; 
13; 70; 40; 99; 47; 
15; 21; 
17; 78; 
19; 85; 26; 
20; 58; 73; 71; 
23; 98; 35; 37; 
24; 57; 60; 80; 
27; 92; 66; 
30; 88; 79; 55; 41; 
34; 61; 
39; 63; 53; 
54; 82; 
59; 76; 
67; 84; 
69; 87; 93; 
77; 95; 
81; 94; 
Recursion step 1:
Partitions:
0; 17; 
1; 22; 19; 
2; 9; 
3; 24; 
4; 20; 12; 18; 21; 5; 
6; 11; 14; 
7; 13; 
8; 25; 
10; 23; 
15; 16; 
Recursion step 2:
