Recursion step 0:
Partitions:
0; 52; 
1; 34; 
2; 58; 72; 
3; 100; 
4; 104; 
5; 53; 
6; 198; 
7; 74; 
8; 77; 81; 
9; 174; 
10; 51; 
11; 146; 39; 
12; 176; 
13; 191; 107; 
14; 122; 
15; 117; 
16; 24; 142; 
17; 28; 109; 
18; 98; 
19; 63; 
20; 153; 
21; 133; 
22; 172; 
23; 31; 
25; 60; 135; 
26; 197; 190; 
27; 38; 
29; 67; 168; 
30; 46; 
32; 99; 155; 
33; 89; 
35; 73; 56; 
36; 183; 
37; 70; 
40; 88; 
41; 134; 
42; 136; 
43; 187; 
44; 196; 
45; 171; 
47; 83; 169; 
48; 189; 
49; 184; 167; 
50; 193; 
54; 161; 
55; 151; 
57; 140; 
59; 166; 
61; 82; 
62; 178; 
64; 66; 
65; 152; 
68; 188; 141; 
69; 75; 
71; 129; 
76; 157; 
78; 159; 
79; 160; 
80; 96; 
84; 144; 
85; 138; 
86; 125; 
87; 147; 
90; 149; 
91; 118; 
92; 162; 
93; 94; 
95; 165; 
97; 113; 
101; 143; 
102; 145; 128; 
103; 164; 
105; 148; 
106; 156; 108; 
110; 131; 
111; 119; 
112; 132; 175; 
114; 116; 
115; 121; 
120; 158; 173; 
123; 137; 
124; 180; 
126; 185; 
127; 192; 
130; 179; 
139; 163; 
150; 186; 
154; 182; 
170; 199; 
177; 195; 
181; 194; 
Recursion step 1:
Partitions:
0; 77; 
1; 81; 
2; 34; 
3; 13; 
4; 36; 
5; 86; 
6; 8; 
7; 87; 21; 
9; 64; 18; 
10; 40; 
11; 74; 
12; 56; 
14; 25; 59; 
15; 49; 
16; 70; 30; 
17; 41; 
19; 44; 
20; 85; 
22; 27; 
23; 24; 
26; 33; 
28; 50; 
29; 31; 
32; 80; 
35; 82; 
37; 51; 
38; 58; 
39; 79; 
42; 48; 
43; 78; 
45; 89; 
46; 88; 
47; 83; 
52; 84; 
53; 69; 
54; 60; 
55; 57; 
61; 71; 67; 
62; 68; 
63; 66; 
65; 72; 
73; 75; 
76; 90; 
Recursion step 2:
Partitions:
0; 10; 12; 
1; 18; 
2; 17; 
3; 40; 
4; 42; 
5; 41; 
6; 19; 27; 15; 23; 
7; 14; 
8; 26; 
9; 37; 
11; 21; 
13; 25; 29; 
16; 24; 
20; 30; 
22; 33; 
28; 35; 
31; 38; 
32; 36; 
34; 39; 
Recursion step 3:
Partitions:
0; 6; 
1; 17; 2; 
3; 8; 14; 
4; 18; 
5; 10; 12; 
7; 16; 
9; 11; 
13; 15; 
Recursion step 4:
Partitions:
0; 6; 2; 
1; 4; 5; 7; 3; 
Recursion step 5:
