Recursion step 0:
Partitions:
0; 46; 
1; 43; 
2; 42; 
3; 64; 
4; 36; 
5; 62; 
6; 8; 56; 
7; 91; 
9; 83; 
10; 31; 
11; 19; 
12; 32; 75; 
13; 47; 
14; 16; 
15; 87; 
17; 23; 37; 
18; 74; 
20; 71; 
21; 69; 93; 
22; 97; 
24; 60; 80; 
25; 65; 
26; 34; 85; 
27; 92; 
28; 45; 
29; 38; 
30; 79; 
33; 82; 54; 
35; 98; 
39; 53; 
40; 70; 99; 
41; 88; 
44; 90; 
48; 89; 
49; 72; 
50; 86; 
51; 77; 95; 
52; 78; 
55; 96; 
57; 66; 
58; 73; 
59; 76; 61; 
63; 68; 
67; 84; 
81; 94; 
Recursion step 1:
Partitions:
0; 7; 
1; 34; 
2; 24; 
3; 21; 
4; 36; 
5; 33; 
6; 27; 
8; 28; 
9; 13; 
10; 22; 41; 
11; 44; 
12; 30; 
14; 18; 
15; 37; 
16; 38; 
17; 40; 
19; 32; 
20; 35; 
23; 39; 
25; 43; 
26; 31; 
29; 42; 
Recursion step 2:
Partitions:
0; 20; 14; 3; 12; 13; 5; 
1; 19; 21; 
2; 11; 
4; 10; 
6; 9; 
7; 15; 
8; 16; 
17; 18; 
Recursion step 3:
Partitions:
0; 5; 6; 
1; 3; 2; 4; 7; 
Recursion step 4:
