Recursion step 0:
Partitions:
0; 129; 
1; 143; 
2; 135; 13; 
3; 65; 64; 
4; 146; 36; 
5; 62; 48; 
6; 56; 
7; 91; 
8; 116; 
9; 83; 
10; 14; 16; 
11; 19; 
12; 75; 32; 
15; 87; 
17; 23; 
18; 74; 
20; 73; 
21; 69; 93; 
22; 97; 
24; 80; 60; 
25; 128; 
26; 85; 
27; 92; 
28; 45; 
29; 106; 120; 
30; 79; 
31; 108; 
33; 82; 
34; 149; 
35; 37; 
38; 100; 
39; 53; 
40; 70; 
41; 88; 121; 
42; 127; 122; 
43; 113; 
44; 90; 
46; 130; 
47; 99; 
49; 72; 
50; 124; 
51; 77; 95; 
52; 133; 
54; 148; 
55; 138; 
57; 107; 
58; 126; 140; 
59; 61; 
63; 68; 
66; 104; 
67; 84; 
71; 112; 
76; 109; 
78; 136; 
81; 115; 
86; 144; 
89; 105; 
94; 125; 
96; 118; 142; 
98; 103; 
101; 110; 
102; 145; 
111; 131; 
114; 119; 
117; 123; 
132; 137; 
134; 139; 
141; 147; 
Recursion step 1:
Partitions:
0; 7; 
1; 35; 
2; 23; 62; 
3; 15; 
4; 41; 
5; 56; 
6; 8; 
9; 51; 
10; 26; 
11; 21; 28; 
12; 61; 
13; 17; 
14; 29; 
16; 46; 
18; 36; 
19; 45; 
20; 64; 
22; 37; 
24; 30; 
25; 65; 33; 
27; 43; 
31; 48; 
32; 38; 
34; 63; 
39; 50; 
40; 55; 66; 
42; 53; 
44; 58; 
47; 52; 
49; 67; 
54; 57; 
59; 60; 
Recursion step 2:
Partitions:
0; 5; 
1; 21; 24; 
2; 23; 
3; 16; 
4; 18; 22; 
6; 20; 
7; 13; 
8; 14; 
9; 28; 
10; 30; 
11; 26; 
12; 31; 
15; 25; 
17; 29; 
19; 27; 
Recursion step 3:
Partitions:
0; 10; 
1; 9; 
2; 4; 
3; 14; 
5; 8; 7; 13; 12; 
6; 11; 
Recursion step 4:
Partitions:
0; 5; 
1; 2; 
3; 4; 
Recursion step 5:
