Recursion step 0:
Partitions:
0; 94; 
1; 15; 
2; 10; 92; 
3; 82; 5; 
4; 66; 
6; 83; 57; 
7; 98; 96; 75; 58; 31; 28; 
8; 45; 24; 
9; 67; 
11; 97; 
12; 77; 
13; 63; 
14; 32; 
16; 40; 
17; 23; 76; 
18; 43; 
19; 79; 37; 
20; 89; 
21; 22; 87; 
25; 68; 61; 
26; 70; 
27; 90; 
29; 74; 
30; 62; 
33; 93; 56; 
34; 60; 
35; 44; 
36; 71; 
38; 39; 
41; 81; 
42; 88; 
46; 64; 
47; 50; 
48; 85; 
49; 54; 
51; 53; 
52; 69; 
55; 99; 
59; 73; 
65; 86; 
72; 84; 
78; 80; 
91; 95; 
Recursion step 1:
Partitions:
0; 9; 17; 
1; 10; 
2; 40; 
3; 12; 
4; 28; 36; 
5; 30; 35; 
6; 21; 
7; 20; 
8; 33; 
11; 29; 
13; 26; 
14; 34; 
15; 42; 
16; 22; 
18; 27; 
19; 37; 
23; 32; 
24; 25; 
31; 41; 
38; 39; 
Recursion step 2:
Partitions:
0; 7; 
1; 11; 
2; 6; 
3; 16; 9; 
4; 8; 
5; 14; 
10; 12; 
13; 15; 18; 
17; 19; 
Recursion step 3:
