Recursion step 0:
Partitions:
0; 52; 
1; 34; 
2; 72; 
3; 115; 
4; 42; 
5; 53; 148; 
6; 81; 
7; 105; 
8; 77; 
9; 91; 
10; 51; 
11; 39; 
12; 14; 
13; 68; 
15; 62; 
16; 24; 
17; 48; 28; 
18; 104; 
19; 63; 
20; 121; 
21; 111; 
22; 101; 
23; 136; 
25; 60; 
26; 84; 
27; 100; 
29; 67; 
30; 66; 46; 
31; 116; 
32; 135; 99; 
33; 89; 
35; 56; 73; 
36; 119; 
37; 70; 
38; 125; 
40; 88; 
41; 54; 
43; 65; 
44; 80; 
45; 124; 
47; 83; 
49; 132; 85; 
50; 126; 
55; 118; 
57; 108; 97; 
58; 117; 
59; 139; 
61; 82; 137; 
64; 146; 
69; 120; 110; 
71; 123; 
74; 133; 
75; 128; 
76; 114; 
78; 109; 
79; 103; 
86; 95; 149; 
87; 147; 
90; 94; 
92; 142; 
93; 122; 
96; 143; 
98; 140; 
102; 127; 
106; 129; 
107; 112; 
113; 144; 
130; 138; 
131; 141; 
134; 145; 
Recursion step 1:
Partitions:
0; 24; 
1; 21; 19; 35; 26; 
2; 45; 
3; 59; 
4; 43; 
5; 51; 
6; 8; 
7; 20; 
9; 62; 17; 
10; 56; 
11; 39; 
12; 54; 18; 36; 27; 48; 64; 
13; 46; 
14; 37; 
15; 66; 30; 
16; 32; 
22; 28; 
23; 68; 
25; 34; 33; 
29; 31; 
38; 61; 
40; 63; 
41; 50; 
42; 69; 
44; 57; 
47; 65; 
49; 67; 52; 
53; 55; 
58; 60; 
Recursion step 2:
Partitions:
0; 10; 
1; 2; 
3; 12; 8; 
4; 18; 
5; 7; 
6; 15; 
9; 21; 
11; 27; 
13; 23; 
14; 24; 
16; 17; 
19; 20; 
22; 25; 
26; 28; 
Recursion step 3:
Partitions:
0; 7; 
1; 13; 
2; 11; 
3; 12; 
4; 9; 
5; 10; 
6; 8; 
Recursion step 4:
