Recursion step 0:
Partitions:
0; 94; 
1; 108; 
2; 157; 
3; 5; 
4; 131; 
6; 57; 83; 
7; 98; 
8; 24; 
9; 67; 
10; 92; 
11; 173; 
12; 77; 154; 
13; 63; 
14; 111; 127; 146; 32; 
15; 102; 
16; 191; 
17; 23; 
18; 150; 
19; 79; 37; 
20; 89; 
21; 22; 
25; 100; 
26; 175; 
27; 90; 128; 
28; 135; 
29; 74; 
30; 47; 62; 
31; 166; 
33; 56; 
34; 60; 
35; 44; 
36; 71; 
38; 197; 
39; 116; 189; 
40; 147; 
41; 109; 
42; 88; 
43; 129; 
45; 145; 
46; 64; 
48; 85; 137; 
49; 163; 158; 
50; 155; 194; 
51; 115; 
52; 169; 
53; 162; 
54; 103; 
55; 99; 
58; 174; 
59; 164; 73; 
61; 193; 
65; 144; 
66; 196; 
68; 149; 
69; 148; 
70; 160; 
72; 121; 84; 
75; 96; 
76; 104; 
78; 187; 
80; 112; 178; 
81; 120; 
82; 181; 
86; 113; 
87; 170; 
91; 118; 
93; 179; 
95; 136; 
97; 106; 
101; 199; 
105; 139; 182; 
107; 165; 151; 
110; 188; 
114; 168; 
117; 184; 
119; 124; 
122; 141; 
123; 126; 
125; 186; 
130; 177; 198; 
132; 167; 
133; 180; 
134; 161; 
138; 172; 
140; 183; 
142; 176; 
143; 192; 
152; 159; 
153; 190; 
156; 171; 
185; 195; 
Recursion step 1:
Partitions:
0; 19; 
1; 35; 
2; 23; 
3; 62; 
4; 52; 50; 
5; 28; 
6; 57; 24; 
7; 38; 
8; 76; 
9; 56; 
10; 68; 55; 
11; 78; 
12; 75; 
13; 61; 
14; 58; 
15; 30; 
16; 87; 
17; 82; 67; 
18; 81; 
20; 64; 
21; 47; 
22; 29; 89; 79; 66; 
25; 53; 
26; 42; 
27; 48; 
31; 73; 
32; 44; 54; 
33; 72; 
34; 65; 
36; 90; 
37; 69; 
39; 84; 77; 59; 60; 
40; 71; 
41; 74; 70; 
43; 45; 
46; 86; 
49; 63; 
51; 80; 
83; 88; 85; 
Recursion step 2:
Partitions:
0; 8; 
1; 11; 
2; 9; 
3; 12; 
4; 27; 26; 
5; 21; 
6; 24; 
7; 10; 
13; 23; 
14; 33; 
15; 28; 30; 
16; 17; 
18; 32; 
19; 35; 
20; 22; 31; 
25; 38; 
29; 34; 
36; 37; 
Recursion step 3:
Partitions:
0; 7; 
1; 3; 8; 
2; 6; 
4; 12; 14; 
5; 17; 
9; 13; 
10; 11; 
15; 16; 
Recursion step 4:
Partitions:
0; 2; 3; 
1; 6; 5; 
4; 7; 
Recursion step 5:
