1360158434
1347986848
1351973012
1348013147
1356013244
1348008763
1355969575
1349621265
1350414708
1348128643
1351823492
1363991599
1352013345
1348016933
1355974440
1352014582
1351994708
1348000610
1347983514
1352009396
1352039548
1347946983
1347997421
1345505954
1354493744
1352004955
1352051527
1351931445
1344033159
1356022385
1351936459
1356022374
1341537433
1346438657
1344039533
1351974765
1347991094
1352004045
1355980424
1360011929
1356007596
1352005759
1352000367
1348010391
1355974397
1351989571
1352006206
1351972456
1348007045
1352350528
1343681164
1356027484
1347960266
1347981931
1352004423
1343983373
1344015913
1355981913
1348002042
1332024249
1344006331
1347953720
1351998772
1345498314
