Recursion step 0:
Partitions:
0; 52; 
1; 34; 
2; 72; 58; 
3; 59; 
4; 42; 
5; 53; 
6; 81; 
7; 74; 21; 
8; 77; 
9; 91; 
10; 51; 
11; 39; 
12; 78; 
13; 68; 
14; 84; 26; 
15; 50; 62; 
16; 24; 
17; 36; 
18; 98; 
19; 63; 
20; 22; 
23; 31; 
25; 60; 
27; 38; 
28; 45; 
29; 67; 
30; 46; 
32; 99; 
33; 89; 
35; 56; 73; 
37; 55; 70; 
40; 88; 
41; 54; 
43; 65; 
44; 80; 96; 
47; 83; 
48; 92; 
49; 85; 71; 
57; 87; 97; 
61; 82; 
64; 66; 
69; 75; 
76; 79; 
86; 95; 
90; 93; 94; 
Recursion step 1:
Partitions:
0; 11; 
1; 25; 
2; 31; 
3; 36; 
4; 30; 
5; 7; 
6; 8; 
9; 18; 
10; 43; 35; 
12; 14; 
13; 29; 
15; 33; 
16; 28; 
17; 24; 
19; 32; 
20; 44; 41; 
21; 22; 
23; 38; 
26; 40; 42; 
27; 34; 
37; 39; 
Recursion step 2:
Partitions:
0; 9; 
1; 2; 
3; 13; 
4; 17; 
5; 12; 
6; 16; 
7; 19; 10; 
8; 11; 
14; 18; 
15; 20; 
Recursion step 3:
Partitions:
0; 8; 
1; 9; 
2; 5; 
3; 4; 
6; 7; 
Recursion step 4:
Partitions:
0; 1; 3; 
2; 4; 
Recursion step 5:
