1346308974
1347998745
1344003145
1344012607
1344023896
1347966818
1351992647
1347989196
1347982454
1340015927
1336018091
1339981980
1340006017
1339977732
1348039122
1347963527
1343999173
1344006474
1339997631
1344292953
1343684858
1344009024
1348025415
1343991465
1339979095
1336029193
1328009585
1344031684
1339953954
1339970895
1344030956
1339959603
1339992673
1344005326
1343990620
1344001223
1340004260
1348005463
1351999780
1348322399
1343667136
1352061074
1347941663
1336006718
1344019721
1335949790
1348025743
1329591263
1350387879
1343983460
1344005743
1340005207
1336017125
1339999015
1343999130
1335988730
1340009648
1343995777
1348008488
1339985114
1348207200
1347783217
1351988005
1344009586
