1339751784
1347976244
1339998828
1343976917
1340052450
1339959216
1335994556
1340002846
1348005663
1336154307
1347843855
1347992463
1344040067
1340003296
1339950204
1347999480
1347991262
1340018068
1343984380
1343999804
1340041040
1343962660
1339998545
1344017211
1343955151
1344021031
1343982133
1351993570
1340005127
1335992659
1336059029
1355963601
1339984961
1347990978
1348005896
1343993178
1348017134
1348252008
1335733123
1347996345
1347985286
1348028271
1347979319
1332846999
1335147661
1344054584
1335955523
1340025106
1339992048
1343969988
1335999329
1351995286
1343993647
1340050258
1339939508
1335998488
1344001503
1336010981
1344031727
1335965770
1343995311
1335989001
1344009503
1328011727
