1339763429
1348000998
1343998205
1340003122
1343998178
1344018062
1344015621
1343959097
1344016533
1343985008
1343987510
1340043555
1331962249
1340007391
1339999848
1343963068
1352012476
1344000352
1328911101
1343088144
1343988707
1344022265
1332082369
1339934229
1328858971
1347119095
1339973109
1347989928
1336029068
1339988492
1339999273
1340001141
1331985735
1343994933
1340061269
1347973370
1343971860
1348002582
1343977014
1343997020
1356006496
1340027966
1343998421
1335993325
1347987680
1347977580
1347998832
1344022113
1336015490
1339977095
1351994398
1343995899
1352049829
1335967882
1339982000
1336183808
1339808043
1348010918
1348008877
1343970447
1340176590
1339833543
1339981496
1344020431
