1351783937
1351978190
1352007129
1349466396
1333165464
1349370028
1347992672
1355991953
1352001107
1344012531
1351981394
1348013922
1356038429
1355964187
1341544006
1346465120
1344003519
1343964918
1329495725
1350523386
1351980558
1344034674
1351982200
1348018053
1349413397
1354547996
1343980986
1348018765
1355992300
1343996180
1348004041
1347987886
1348005764
1348174841
1347830350
1343998853
1343989175
1352005049
1348015187
1351977873
1351995265
1348006924
1344020692
1345403370
1328113440
1354450813
1355994096
1352028167
1349472552
1346536185
1347966077
1355986827
1356024120
1347971429
1347991661
1333492063
1346517266
1351993574
1344055521
1347935873
1348002288
1352018876
1345427355
1348015561
