Recursion step 0:
Partitions:
0; 52; 
1; 34; 
2; 72; 58; 
3; 59; 
4; 42; 
5; 53; 
6; 81; 
7; 74; 21; 
8; 77; 
9; 91; 
10; 51; 
11; 39; 
12; 78; 
13; 68; 
14; 84; 26; 
15; 50; 62; 
16; 24; 
17; 36; 
18; 98; 
19; 63; 
20; 22; 
23; 31; 
25; 60; 
27; 38; 
28; 45; 
29; 67; 
30; 46; 
32; 99; 
33; 89; 
35; 56; 73; 
37; 55; 70; 
40; 88; 
41; 54; 
43; 65; 
44; 80; 96; 
47; 83; 
48; 92; 
49; 85; 71; 
57; 87; 97; 
61; 82; 
64; 66; 
69; 75; 
76; 79; 
86; 95; 
90; 93; 94; 
Recursion step 1:
Partitions:
0; 11; 
1; 20; 
2; 31; 
3; 36; 
4; 30; 
5; 7; 
6; 8; 
9; 18; 
10; 43; 35; 
12; 14; 
13; 29; 
15; 33; 
16; 28; 
17; 24; 
19; 32; 
21; 22; 
23; 38; 
25; 42; 
26; 40; 
27; 34; 
37; 39; 
41; 44; 
Recursion step 2:
Partitions:
0; 9; 
1; 21; 
2; 17; 
3; 13; 
4; 20; 5; 12; 16; 
6; 15; 
7; 10; 19; 
8; 11; 
14; 18; 
Recursion step 3:
