1350307469
1347972256
1336000732
1339979584
1343999285
1332021848
1348002069
1343978179
1340018340
1339992037
1339979230
1340024916
1344024234
1343996259
1339966189
1348009347
1343976079
1344006641
1340006551
1352041295
1339954791
1344003407
1339979141
1328024825
1351989876
1348043461
1331987309
1351945729
1336086590
1336091295
1339816325
1347996573
1339997265
1344009186
1340041973
1343957068
1343993014
1344021809
1339980396
1347994698
1348008298
1344004933
1343984344
1344021996
1343992777
1348022207
1333519930
1342470718
1343943166
1347993776
1340010540
1344007330
1344008955
1344043486
1339945497
1344023921
1347949566
1340022942
1339994781
1348016021
1344024677
1347949576
1348017783
1347984897
