Recursion step 0:
Partitions:
0; 49; 
1; 99; 29; 
2; 82; 
3; 70; 
4; 52; 
5; 39; 
6; 73; 60; 
7; 45; 51; 
8; 54; 9; 
10; 88; 
11; 27; 
12; 78; 
13; 67; 64; 
14; 68; 
15; 62; 
16; 89; 
17; 81; 
18; 50; 36; 
19; 24; 
20; 46; 
21; 69; 
22; 41; 
23; 26; 87; 
25; 86; 
28; 57; 
30; 77; 98; 
31; 93; 96; 
32; 44; 
33; 80; 
34; 61; 
35; 66; 74; 
37; 65; 
38; 72; 
40; 83; 
42; 76; 
43; 59; 92; 
47; 91; 
48; 97; 
53; 90; 
55; 94; 
56; 71; 
58; 63; 84; 
75; 79; 
85; 95; 
Recursion step 1:
Partitions:
0; 28; 
1; 36; 
2; 41; 5; 
3; 34; 
4; 35; 
6; 30; 
7; 31; 
8; 23; 
9; 15; 26; 
10; 39; 19; 
11; 22; 
12; 27; 
13; 33; 
14; 43; 
16; 18; 
17; 29; 
20; 37; 
21; 24; 
25; 40; 42; 
32; 38; 
Recursion step 2:
Partitions:
0; 6; 
1; 15; 
2; 14; 
3; 4; 
5; 17; 
7; 9; 
8; 16; 
10; 12; 
11; 18; 
13; 19; 
Recursion step 3:
Partitions:
0; 7; 
1; 3; 
2; 5; 
4; 6; 
8; 9; 
Recursion step 4:
Partitions:
0; 3; 
1; 2; 4; 
Recursion step 5:
