Recursion step 0:
Partitions:
0; 73; 
1; 10; 3; 
2; 45; 
4; 41; 
5; 69; 
6; 20; 
7; 64; 
8; 30; 
9; 96; 
11; 75; 
12; 74; 
13; 51; 
14; 55; 19; 
15; 72; 
16; 83; 
17; 23; 
18; 93; 
21; 38; 
22; 63; 94; 35; 27; 
24; 53; 
25; 78; 
26; 66; 
28; 99; 
29; 65; 
31; 62; 57; 
32; 37; 67; 
33; 36; 
34; 87; 39; 
40; 86; 
42; 85; 
43; 71; 
44; 98; 
46; 82; 
47; 89; 
48; 61; 
49; 59; 
50; 68; 
52; 77; 
54; 90; 92; 
56; 79; 
58; 97; 
60; 70; 
76; 84; 95; 
80; 88; 
81; 91; 
Recursion step 1:
Partitions:
0; 5; 
1; 42; 
2; 36; 32; 
3; 33; 
4; 38; 
6; 39; 
7; 23; 
8; 35; 
9; 24; 
10; 28; 
11; 30; 
12; 34; 
13; 20; 
14; 27; 
15; 22; 
16; 29; 
17; 25; 
18; 40; 
19; 31; 
21; 44; 
26; 37; 
41; 43; 
Recursion step 2:
Partitions:
0; 2; 
1; 20; 
3; 16; 
4; 6; 
5; 7; 
8; 17; 11; 
9; 19; 
10; 21; 12; 
13; 18; 
14; 15; 
Recursion step 3:
Partitions:
0; 7; 
1; 6; 
2; 9; 
3; 4; 
5; 8; 
Recursion step 4:
Partitions:
0; 4; 
1; 3; 2; 
Recursion step 5:
