Recursion step 0:
Partitions:
0; 73; 
1; 10; 3; 
2; 45; 
4; 41; 
5; 69; 
6; 20; 
7; 64; 
8; 30; 
9; 96; 
11; 75; 
12; 74; 
13; 51; 
14; 55; 19; 
15; 72; 
16; 83; 
17; 23; 
18; 93; 
21; 38; 
22; 63; 94; 35; 27; 
24; 53; 
25; 78; 
26; 66; 
28; 99; 
29; 65; 
31; 62; 57; 
32; 37; 67; 
33; 36; 
34; 87; 39; 
40; 86; 
42; 85; 
43; 71; 
44; 98; 
46; 82; 
47; 89; 
48; 61; 
49; 59; 
50; 68; 
52; 77; 
54; 90; 92; 
56; 79; 
58; 97; 
60; 70; 
76; 84; 95; 
80; 88; 
81; 91; 
Recursion step 1:
Partitions:
0; 36; 5; 
1; 42; 
2; 32; 
3; 6; 33; 
4; 26; 37; 
7; 39; 
8; 35; 
9; 24; 
10; 28; 
11; 30; 
12; 34; 
13; 20; 
14; 27; 
15; 22; 
16; 29; 
17; 25; 
18; 40; 
19; 31; 
21; 44; 
23; 38; 
41; 43; 
Recursion step 2:
Partitions:
0; 7; 
1; 4; 
2; 11; 
3; 15; 19; 
5; 6; 
8; 18; 
9; 20; 
10; 16; 
12; 17; 
13; 14; 
Recursion step 3:
Partitions:
0; 7; 
1; 5; 
2; 6; 
3; 9; 
4; 8; 
Recursion step 4:
Partitions:
0; 4; 2; 
1; 3; 
Recursion step 5:
