Recursion step 0:
Partitions:
0; 1; 
2; 11; 
3; 4; 
5; 6; 
7; 8; 
9; 10; 
12; 13; 
14; 102; 
15; 16; 17; 
18; 23; 26; 
19; 27; 22; 
20; 28; 21; 
24; 25; 
29; 32; 
30; 31; 
33; 34; 
35; 36; 
37; 38; 
39; 103; 
40; 41; 42; 
43; 46; 
44; 48; 
45; 51; 
47; 49; 
50; 56; 53; 
52; 57; 
54; 55; 
58; 104; 
59; 60; 
61; 62; 
63; 71; 
64; 65; 
66; 67; 70; 
68; 69; 73; 
72; 79; 75; 
74; 80; 
76; 78; 
77; 81; 
82; 83; 84; 
85; 92; 
86; 87; 
88; 89; 
90; 91; 
93; 99; 94; 
95; 96; 
97; 98; 
100; 101; 
Recursion step 1:
Partitions:
0; 5; 3; 
1; 4; 
2; 6; 
7; 11; 
8; 12; 
9; 10; 
13; 14; 
15; 17; 
16; 19; 
18; 21; 
20; 24; 
22; 25; 
23; 26; 
27; 29; 
28; 31; 
30; 36; 
32; 38; 37; 
33; 35; 
34; 39; 
40; 43; 
41; 45; 
42; 46; 44; 
Recursion step 2:
Partitions:
0; 1; 
2; 7; 
3; 6; 
4; 5; 
8; 11; 
9; 12; 
10; 13; 
14; 19; 
15; 16; 
17; 20; 
18; 21; 
Recursion step 3:
