66069588930
65731330041
65619318731
65131674011
63563349395
63279336324
63139000589
63902571224
63556058633
63775491645
63207255781
63719282408
63127337952
63948977470
64453623330
64239351576
63369355132
64097282636
63731341377
63499572323
63939084168
63635456143
63511145260
63287703799
64122962335
64455374980
64503288472
64663370262
63075518864
65279124646
65330352980
63888513516
65291128398
65555297586
64779416275
65279372907
66095236403
65313124261
65145553417
65423332022
65678509697
65149638091
65047393218
64613759887
65047358177
65159325023
65851307256
65267329091
65327322857
64939347625
65275601692
65092199350
65542180760
65233078033
65789621838
65539290465
65167343073
65455324262
65699321626
65570401299
65216271270
65558478645
65264675010
65734856961
