Recursion step 0:
Partitions:
0; 1; 
2; 11; 
3; 4; 
5; 6; 
7; 8; 
9; 10; 
12; 13; 
14; 102; 
15; 16; 17; 
18; 26; 23; 
19; 22; 27; 
20; 28; 21; 
24; 25; 
29; 32; 
30; 31; 
33; 34; 
35; 36; 
37; 38; 
39; 103; 
40; 42; 41; 
43; 46; 
44; 48; 
45; 51; 
47; 49; 
50; 56; 53; 
52; 57; 
54; 55; 
58; 104; 
59; 60; 
61; 62; 
63; 71; 
64; 65; 
66; 70; 67; 
68; 69; 73; 
72; 75; 79; 
74; 80; 
76; 78; 
77; 81; 
82; 83; 84; 
85; 92; 
86; 87; 
88; 89; 
90; 91; 
93; 94; 
95; 96; 
97; 98; 
99; 206; 205; 
100; 101; 
105; 106; 
107; 116; 
108; 109; 
110; 111; 
112; 113; 
114; 115; 
117; 118; 
119; 207; 
120; 121; 122; 
123; 128; 131; 
124; 132; 127; 
125; 133; 126; 
129; 130; 
134; 137; 
135; 136; 
138; 139; 
140; 141; 
142; 143; 
144; 208; 
145; 147; 146; 
148; 151; 
149; 153; 
150; 156; 
152; 154; 
155; 161; 158; 
157; 162; 
159; 160; 
163; 209; 
164; 165; 
166; 167; 
168; 176; 
169; 170; 
171; 175; 172; 
173; 174; 178; 
177; 180; 184; 
179; 185; 
181; 183; 
182; 186; 
187; 189; 188; 
190; 197; 
191; 192; 
193; 194; 
195; 196; 
198; 199; 
200; 201; 
202; 203; 
204; 311; 310; 
210; 211; 
212; 221; 
213; 214; 
215; 216; 
217; 218; 
219; 220; 
222; 223; 
224; 312; 
225; 227; 226; 
228; 236; 233; 
229; 232; 237; 
230; 238; 231; 
234; 235; 
239; 242; 
240; 241; 
243; 244; 
245; 246; 
247; 248; 
249; 313; 
250; 252; 251; 
253; 256; 
254; 258; 
255; 261; 
257; 259; 
260; 263; 266; 
262; 267; 
264; 265; 
268; 314; 
269; 317; 270; 
271; 272; 
273; 281; 
274; 275; 
276; 277; 280; 
278; 279; 283; 
282; 285; 289; 
284; 290; 
286; 288; 
287; 291; 
292; 293; 294; 
295; 302; 
296; 297; 
298; 299; 
300; 301; 
303; 309; 304; 
305; 306; 
307; 308; 
315; 316; 
Recursion step 1:
Partitions:
0; 3; 5; 
1; 4; 
2; 51; 48; 
6; 53; 
7; 11; 
8; 12; 
9; 10; 
13; 14; 
15; 17; 
16; 19; 
18; 141; 
20; 24; 
21; 23; 
22; 25; 
26; 27; 
28; 31; 
29; 33; 
30; 32; 36; 
34; 35; 
37; 38; 
39; 42; 
40; 43; 90; 
41; 45; 
44; 47; 
46; 92; 
49; 52; 
50; 95; 98; 
54; 100; 
55; 59; 
56; 60; 
57; 58; 
61; 62; 
63; 65; 
64; 67; 
66; 69; 
68; 72; 
70; 73; 
71; 74; 
75; 77; 
76; 79; 
78; 80; 
81; 83; 
82; 84; 
85; 86; 
87; 93; 89; 
88; 137; 91; 
94; 139; 
96; 99; 
97; 101; 
102; 106; 
103; 107; 
104; 105; 
108; 109; 
110; 112; 
111; 114; 
113; 116; 
115; 119; 
117; 120; 
118; 121; 
122; 124; 
123; 126; 
125; 127; 
128; 130; 
129; 131; 
132; 133; 
134; 140; 136; 
135; 138; 
Recursion step 2:
Partitions:
0; 1; 
2; 3; 
4; 7; 
5; 6; 
8; 31; 
9; 13; 
10; 12; 
11; 14; 
15; 38; 
16; 18; 
17; 19; 
20; 22; 23; 
21; 24; 
25; 29; 
26; 27; 
28; 30; 
32; 52; 
33; 36; 35; 
34; 37; 
39; 59; 
40; 43; 
41; 42; 44; 
45; 46; 
47; 50; 
48; 53; 
49; 51; 
54; 57; 56; 
55; 58; 
60; 66; 
61; 64; 
62; 65; 63; 
Recursion step 3:
Partitions:
0; 2; 3; 
1; 13; 
4; 15; 
5; 6; 7; 
8; 20; 
9; 10; 11; 
12; 21; 
14; 25; 16; 
17; 18; 
19; 26; 27; 
22; 29; 
23; 24; 
28; 30; 
Recursion step 4:
Partitions:
0; 3; 
1; 2; 
4; 8; 
5; 6; 
7; 11; 
9; 10; 12; 
Recursion step 5:
Partitions:
0; 1; 
2; 3; 
4; 5; 
Recursion step 6:
