Recursion step 0:
Partitions:
0; 5; 
1; 2; 
3; 8; 
4; 12; 
6; 11; 
7; 17; 
9; 22; 
10; 23; 
13; 16; 
14; 19; 
15; 21; 
18; 24; 
20; 34; 36; 
25; 32; 
26; 61; 
27; 29; 
28; 40; 
30; 45; 
31; 39; 
33; 56; 
35; 37; 
38; 63; 
41; 79; 
42; 50; 
43; 68; 
44; 60; 
46; 47; 
48; 72; 
49; 58; 
51; 69; 
52; 80; 
53; 77; 
54; 65; 
55; 81; 
57; 75; 
59; 64; 
62; 85; 103; 
66; 67; 
70; 71; 93; 
73; 83; 87; 
74; 76; 95; 
78; 88; 
82; 92; 
84; 100; 
86; 104; 
89; 119; 
90; 101; 
91; 105; 
94; 136; 102; 
96; 97; 
98; 116; 
99; 118; 
106; 113; 
107; 133; 
108; 109; 
110; 121; 
111; 127; 
112; 115; 
114; 124; 
117; 130; 
120; 153; 
122; 139; 
123; 141; 166; 191; 192; 169; 145; 
125; 151; 
126; 132; 
128; 152; 
129; 157; 
131; 170; 
134; 137; 
135; 149; 
138; 155; 
140; 146; 
142; 147; 
143; 161; 
144; 164; 
148; 160; 
150; 154; 
156; 175; 
158; 163; 184; 
159; 185; 
162; 167; 
165; 197; 
168; 198; 
171; 174; 
172; 202; 183; 
173; 177; 
176; 199; 
178; 193; 
179; 195; 
180; 201; 
181; 187; 
182; 194; 
186; 189; 
188; 229; 225; 
190; 210; 205; 
196; 200; 
203; 224; 
204; 208; 
206; 231; 
207; 240; 
209; 215; 
211; 217; 
212; 222; 
213; 220; 
214; 218; 
216; 254; 
219; 241; 235; 
221; 228; 
223; 238; 
226; 230; 
227; 261; 248; 
232; 234; 
233; 257; 
236; 246; 
237; 262; 
239; 245; 
242; 272; 
243; 295; 
244; 259; 
247; 265; 
249; 255; 
250; 256; 
251; 264; 
252; 266; 
253; 280; 
258; 279; 
260; 282; 
263; 285; 
267; 278; 
268; 284; 
269; 270; 
271; 291; 
273; 274; 287; 
275; 303; 
276; 290; 
277; 348; 312; 
281; 286; 
283; 289; 
288; 342; 302; 
292; 307; 
293; 308; 299; 
294; 309; 
296; 323; 
297; 305; 
298; 317; 
300; 318; 
301; 304; 
306; 331; 
310; 316; 
311; 319; 
313; 326; 329; 
314; 330; 
315; 320; 
321; 325; 343; 
322; 335; 
324; 361; 355; 
327; 337; 
328; 345; 
332; 346; 
333; 359; 
334; 347; 
336; 362; 
338; 352; 
339; 353; 
340; 368; 
341; 351; 
344; 350; 
349; 366; 
354; 377; 
356; 365; 
357; 391; 
358; 370; 
360; 371; 
363; 380; 374; 
364; 388; 
367; 369; 
372; 385; 389; 
373; 403; 
375; 379; 
376; 395; 
378; 392; 
381; 384; 
382; 400; 
383; 397; 
386; 405; 
387; 411; 
390; 406; 
393; 394; 
396; 407; 
398; 409; 
399; 441; 
401; 415; 
402; 424; 
404; 417; 
408; 416; 
410; 456; 
412; 414; 
413; 431; 
418; 433; 452; 450; 428; 
419; 442; 435; 
420; 438; 
421; 427; 
422; 430; 
423; 434; 
425; 429; 
426; 437; 
432; 459; 
436; 449; 
439; 457; 
440; 447; 
443; 462; 
444; 453; 
445; 470; 
446; 454; 
448; 494; 502; 
451; 471; 
455; 493; 
458; 464; 
460; 466; 
461; 473; 
463; 467; 
465; 495; 
468; 475; 
469; 492; 
472; 485; 
474; 503; 518; 
476; 484; 
477; 478; 
479; 505; 
480; 481; 
482; 519; 
483; 499; 486; 
487; 509; 
488; 507; 
489; 513; 508; 
490; 510; 
491; 500; 
496; 497; 
498; 504; 
501; 532; 516; 
506; 515; 
511; 537; 
512; 526; 
514; 525; 
517; 524; 
520; 544; 521; 
522; 538; 
523; 527; 
528; 534; 
529; 546; 
530; 545; 
531; 539; 
533; 536; 542; 
535; 541; 
540; 557; 562; 
543; 561; 
547; 574; 
548; 558; 
549; 555; 
550; 551; 576; 
552; 569; 556; 
553; 560; 
554; 571; 
559; 584; 
563; 570; 
564; 588; 
565; 568; 
566; 580; 
567; 573; 
572; 590; 
575; 582; 
577; 606; 
578; 599; 
579; 583; 
581; 594; 
585; 591; 610; 
586; 605; 
587; 621; 
589; 600; 
592; 596; 615; 
593; 598; 
595; 604; 
597; 623; 
601; 608; 
602; 609; 
603; 625; 
607; 619; 
611; 613; 
612; 638; 
614; 634; 
616; 636; 
617; 641; 645; 
618; 639; 
620; 652; 
622; 631; 
624; 637; 
626; 628; 
627; 643; 
629; 648; 
630; 635; 
632; 651; 
633; 660; 642; 
640; 672; 
644; 666; 
646; 653; 
647; 669; 
649; 673; 
650; 664; 
654; 659; 
655; 681; 
656; 678; 
657; 665; 
658; 674; 
661; 677; 
662; 675; 684; 
663; 668; 
667; 671; 
670; 689; 
676; 698; 712; 
679; 683; 
680; 687; 
682; 688; 
685; 716; 
686; 705; 
690; 697; 707; 
691; 711; 
692; 703; 
693; 728; 
694; 720; 
695; 725; 
696; 722; 709; 
699; 713; 708; 
700; 723; 
701; 724; 
702; 729; 
704; 710; 
706; 731; 
714; 739; 
715; 719; 
717; 736; 
718; 733; 
721; 742; 
726; 749; 
727; 735; 
730; 762; 
732; 737; 
734; 751; 
738; 746; 
740; 781; 
741; 756; 776; 777; 753; 
743; 745; 
744; 768; 
747; 767; 
748; 778; 763; 
750; 755; 
752; 785; 
754; 779; 
757; 758; 760; 
759; 769; 
761; 774; 
764; 766; 
765; 771; 
770; 787; 
772; 783; 
773; 788; 
775; 790; 
780; 793; 
782; 797; 
784; 810; 813; 
786; 794; 
789; 811; 792; 
791; 816; 
795; 805; 
796; 798; 
799; 803; 
800; 818; 
801; 808; 
802; 821; 
804; 822; 
806; 820; 
807; 819; 
809; 833; 
812; 832; 
814; 825; 
815; 823; 
817; 852; 
824; 841; 831; 
826; 848; 
827; 836; 
828; 843; 
829; 830; 
834; 850; 
835; 857; 
837; 844; 
838; 858; 869; 
839; 842; 
840; 847; 
845; 868; 
846; 855; 
849; 861; 
851; 853; 
854; 873; 877; 
856; 885; 865; 
859; 864; 
860; 866; 
862; 863; 
867; 901; 
870; 881; 
871; 886; 
872; 893; 
874; 888; 
875; 890; 
876; 882; 
878; 897; 
879; 904; 
880; 906; 
883; 891; 
884; 887; 
889; 895; 
892; 899; 
894; 898; 
896; 934; 
900; 915; 
902; 912; 
903; 905; 
907; 942; 
908; 911; 
909; 920; 
910; 933; 
913; 921; 
914; 936; 
916; 932; 
917; 953; 
918; 937; 
919; 927; 
922; 959; 954; 
923; 926; 
924; 939; 
925; 935; 
928; 944; 
929; 930; 
931; 941; 
938; 952; 
940; 957; 973; 991; 987; 971; 948; 
943; 945; 
946; 978; 963; 
947; 960; 
949; 950; 
951; 979; 
955; 977; 
956; 969; 
958; 974; 
961; 980; 
962; 970; 
964; 986; 984; 
965; 968; 
966; 990; 
967; 998; 
972; 975; 
976; 996; 
981; 982; 999; 
983; 1011; 
985; 1001; 1003; 
988; 1002; 
989; 995; 
992; 1007; 
993; 994; 1017; 
997; 1010; 
1000; 1018; 
1004; 1013; 
1005; 1008; 
1006; 1012; 
1009; 1030; 1016; 
1014; 1031; 
1015; 1025; 
1019; 1049; 1042; 
1020; 1033; 
1021; 1023; 
1022; 1024; 
1026; 1045; 
1027; 1032; 
1028; 1037; 1047; 
1029; 1058; 
1034; 1036; 1041; 
1035; 1038; 
1039; 1067; 
1040; 1052; 
1043; 1053; 
1044; 1046; 
1048; 1060; 1068; 
1050; 1059; 
1051; 1073; 
1054; 1057; 
1055; 1061; 
1056; 1075; 
1062; 1071; 
1063; 1076; 1079; 
1064; 1065; 
1066; 1077; 
1069; 1088; 
1070; 1082; 
1072; 1083; 
1074; 1100; 
1078; 1094; 
1080; 1090; 
1081; 1097; 
1084; 1119; 
1085; 1089; 
1086; 1098; 
1087; 1108; 
1091; 1139; 
1092; 1105; 
1093; 1112; 
1095; 1113; 
1096; 1123; 1106; 
1099; 1143; 1101; 
1102; 1132; 
1103; 1104; 
1107; 1109; 
1110; 1131; 1120; 
1111; 1147; 
1114; 1126; 
1115; 1130; 1138; 
1116; 1154; 
1117; 1136; 1128; 
1118; 1129; 
1121; 1125; 
1122; 1142; 
1124; 1145; 
1127; 1150; 
1133; 1144; 
1134; 1149; 
1135; 1164; 
1137; 1155; 
1140; 1153; 1148; 
1141; 1163; 
1146; 1174; 1157; 
1151; 1158; 
1152; 1168; 
1156; 1160; 
1159; 1171; 
1161; 1181; 
1162; 1177; 
1165; 1166; 
1167; 1192; 
1169; 1195; 
1170; 1187; 
1172; 1175; 
1173; 1199; 
1176; 1201; 
1178; 1180; 
1179; 1193; 
1182; 1188; 
1183; 1198; 
1184; 1203; 
1185; 1189; 1212; 
1186; 1217; 1194; 
1190; 1207; 
1191; 1197; 1210; 
1196; 1202; 
1200; 1206; 
1204; 1215; 
1205; 1216; 
1208; 1222; 
1209; 1226; 
1211; 1232; 
1213; 1221; 
1214; 1227; 
1218; 1228; 1239; 
1219; 1231; 
1220; 1235; 
1223; 1225; 
1224; 1229; 
1230; 1244; 
1233; 1242; 
1234; 1237; 
1236; 1261; 1255; 
1238; 1243; 
1240; 1250; 1264; 
1241; 1252; 1254; 
1245; 1258; 
1246; 1248; 
1247; 1249; 
1251; 1268; 
1253; 1263; 
1256; 1272; 
1257; 1267; 
1259; 1271; 
1260; 1283; 
1262; 1277; 
1265; 1269; 
1266; 1275; 
1270; 1293; 
1273; 1278; 
1274; 1287; 
1276; 1291; 
1279; 1290; 1280; 
1281; 1288; 
1282; 1285; 
1284; 1294; 
1286; 1289; 1292; 
1295; 1296; 
1297; 1314; 
1298; 1304; 
1299; 1308; 
1300; 1310; 1309; 
1301; 1317; 
1302; 1323; 1318; 
1303; 1321; 
1305; 1324; 
1306; 1307; 
1311; 1327; 
1312; 1316; 
1313; 1329; 
1315; 1334; 
1319; 1326; 
1320; 1325; 
1322; 1335; 
1328; 1341; 
1330; 1338; 
1331; 1340; 1339; 
1332; 1343; 
1333; 1337; 
1336; 1348; 
1342; 1351; 
1344; 1345; 
1346; 1350; 
1347; 1349; 
1352; 1358; 
1353; 1354; 
1355; 1357; 
1356; 1359; 
1360; 1361; 
1362; 1366; 1363; 
1364; 1368; 
1365; 1373; 
1367; 1372; 
1369; 1376; 
1370; 1371; 
1374; 1375; 
1377; 1378; 
Recursion step 1:
Partitions:
0; 7; 
1; 6; 
2; 3; 
4; 14; 
5; 8; 
9; 38; 19; 
10; 13; 18; 
11; 15; 
12; 23; 
16; 26; 
17; 37; 
20; 29; 
21; 22; 
24; 30; 
25; 41; 
27; 28; 
31; 36; 
32; 43; 
33; 34; 
35; 44; 
39; 49; 
40; 42; 
45; 47; 
46; 64; 
48; 76; 
50; 60; 
51; 59; 
52; 58; 
53; 61; 
54; 70; 
55; 68; 
56; 63; 
57; 80; 
62; 90; 
65; 74; 
66; 92; 
67; 73; 
69; 81; 
71; 77; 
72; 84; 
75; 91; 
78; 96; 
79; 83; 
82; 98; 
85; 104; 
86; 109; 
87; 94; 
88; 101; 
89; 106; 
93; 120; 
95; 102; 
97; 115; 
99; 111; 
100; 110; 
103; 112; 123; 
105; 130; 140; 
107; 135; 
108; 122; 113; 
114; 132; 
116; 118; 
117; 126; 
119; 136; 
121; 127; 
124; 125; 146; 
128; 131; 
129; 137; 152; 
133; 145; 
134; 150; 
138; 190; 216; 210; 180; 
139; 161; 
141; 166; 
142; 151; 
143; 159; 
144; 148; 
147; 172; 
149; 158; 
153; 169; 
154; 201; 
155; 182; 
156; 164; 
157; 170; 
160; 162; 
163; 185; 
165; 178; 
167; 194; 
168; 186; 
171; 174; 
173; 191; 
175; 187; 
176; 184; 
177; 196; 
179; 188; 
181; 198; 
183; 192; 
189; 197; 
193; 202; 
195; 214; 
199; 207; 
200; 204; 
203; 212; 
205; 221; 
206; 211; 
208; 240; 
209; 213; 
215; 236; 228; 
217; 234; 
218; 227; 
219; 232; 
220; 231; 223; 
222; 241; 
224; 230; 
225; 238; 
226; 246; 264; 265; 256; 243; 229; 
233; 242; 
235; 255; 
237; 245; 
239; 244; 
247; 258; 
248; 268; 
249; 259; 
250; 252; 
251; 269; 
253; 262; 
254; 274; 
257; 294; 273; 
260; 279; 
261; 271; 
263; 278; 
266; 276; 
267; 281; 
270; 284; 
272; 275; 
277; 282; 
280; 297; 
283; 301; 
285; 293; 
286; 307; 
287; 304; 320; 313; 295; 
288; 300; 
289; 311; 
290; 315; 
291; 310; 
292; 298; 
296; 308; 
299; 306; 305; 
302; 312; 
303; 317; 
309; 316; 
314; 321; 
318; 319; 
322; 341; 
323; 330; 
324; 333; 351; 
325; 327; 
326; 345; 
328; 337; 
329; 338; 
331; 350; 
332; 357; 
334; 335; 
336; 347; 
339; 361; 
340; 353; 
342; 354; 
343; 346; 
344; 370; 352; 
348; 363; 
349; 365; 
355; 384; 
356; 358; 
359; 364; 
360; 366; 
362; 378; 
367; 395; 
368; 379; 
369; 383; 
371; 387; 
372; 386; 
373; 380; 
374; 385; 
375; 397; 
376; 382; 
377; 393; 
381; 389; 
388; 403; 
390; 396; 
391; 398; 
392; 409; 
394; 423; 
399; 400; 
401; 406; 
402; 410; 
404; 419; 
405; 412; 
407; 418; 
408; 414; 
411; 426; 
413; 421; 
415; 427; 
416; 437; 
417; 429; 432; 
420; 428; 
422; 430; 444; 
424; 436; 
425; 434; 
431; 433; 
435; 441; 
438; 452; 
439; 442; 
440; 446; 
443; 467; 445; 
447; 451; 
448; 462; 
449; 464; 
450; 469; 
453; 457; 
454; 459; 
455; 470; 
456; 458; 
460; 461; 
463; 479; 
465; 476; 
466; 474; 
468; 472; 
471; 478; 
473; 492; 485; 
475; 490; 
477; 484; 
480; 482; 
481; 488; 
483; 491; 
486; 505; 
487; 494; 
489; 501; 
493; 497; 511; 
495; 502; 
496; 504; 
498; 517; 506; 
499; 513; 
500; 509; 
503; 525; 
507; 527; 
508; 524; 543; 
510; 519; 
512; 515; 
514; 534; 
516; 518; 
520; 530; 
521; 526; 
522; 547; 
523; 528; 
529; 531; 
532; 533; 
535; 554; 
536; 544; 
537; 552; 
538; 551; 
539; 557; 
540; 542; 
541; 555; 
545; 546; 562; 
548; 571; 
549; 563; 
550; 561; 
553; 572; 
556; 558; 567; 582; 575; 
559; 565; 
560; 578; 
564; 566; 
568; 569; 
570; 591; 573; 
574; 584; 
576; 583; 
577; 581; 
579; 589; 
580; 587; 
585; 605; 597; 
586; 601; 
588; 593; 
590; 592; 
594; 600; 
595; 598; 
596; 603; 
599; 608; 
602; 620; 604; 
606; 609; 
607; 619; 
610; 618; 616; 
611; 614; 
612; 613; 
615; 623; 621; 
617; 622; 
624; 625; 
626; 632; 
627; 628; 
629; 633; 
630; 636; 
631; 635; 
634; 637; 
638; 639; 640; 
Recursion step 2:
Partitions:
0; 4; 
1; 10; 7; 
2; 6; 
3; 9; 
5; 18; 
8; 16; 
11; 17; 
12; 14; 
13; 23; 
15; 21; 
19; 29; 
20; 31; 
22; 24; 
25; 32; 
26; 42; 
27; 34; 
28; 48; 
30; 39; 
33; 53; 
35; 47; 
36; 52; 
37; 38; 
40; 51; 
41; 62; 60; 50; 
43; 44; 
45; 55; 
46; 57; 
49; 65; 
54; 61; 
56; 64; 
58; 66; 
59; 70; 
63; 81; 
67; 80; 
68; 83; 
69; 87; 94; 76; 73; 
71; 82; 
72; 96; 
74; 77; 
75; 86; 
78; 95; 
79; 90; 
84; 85; 93; 
88; 91; 
89; 97; 
92; 113; 
98; 110; 
99; 109; 
100; 115; 
101; 111; 
102; 106; 
103; 116; 
104; 108; 
105; 107; 
112; 132; 
114; 126; 
117; 127; 
118; 128; 
119; 121; 
120; 129; 
122; 131; 125; 
123; 136; 143; 
124; 149; 
130; 138; 
133; 134; 
135; 152; 
137; 140; 
139; 141; 
142; 145; 
144; 156; 
146; 160; 
147; 151; 
148; 159; 
150; 161; 
153; 162; 
154; 158; 
155; 164; 
157; 171; 
163; 178; 
165; 180; 
166; 179; 
167; 181; 
168; 177; 
169; 175; 
170; 182; 
172; 173; 
174; 185; 
176; 183; 
184; 193; 
186; 195; 
187; 192; 
188; 197; 
189; 194; 
190; 200; 
191; 206; 
196; 208; 
198; 211; 
199; 205; 
201; 210; 
202; 207; 
203; 204; 
209; 216; 
212; 224; 
213; 219; 
214; 227; 
215; 217; 
218; 222; 
220; 221; 
223; 232; 
225; 235; 228; 
226; 239; 
229; 234; 
230; 248; 
231; 233; 
236; 243; 
237; 241; 
238; 250; 260; 
240; 245; 
242; 251; 
244; 254; 
246; 253; 
247; 263; 259; 
249; 252; 
255; 262; 
256; 268; 
257; 258; 
261; 265; 
264; 266; 
267; 269; 
270; 275; 
271; 273; 
272; 282; 
274; 278; 
276; 286; 
277; 287; 288; 283; 279; 
280; 285; 
281; 284; 
289; 292; 
290; 296; 293; 
291; 295; 
294; 298; 
297; 299; 
Recursion step 3:
Partitions:
0; 7; 
1; 6; 
2; 11; 
3; 16; 24; 13; 4; 
5; 21; 
8; 10; 
9; 17; 
12; 19; 
14; 15; 
18; 28; 
20; 38; 29; 
22; 25; 
23; 26; 
27; 31; 
30; 44; 
32; 39; 
33; 36; 
34; 37; 
35; 53; 
40; 52; 
41; 50; 
42; 49; 
43; 47; 
45; 46; 
48; 61; 
51; 55; 
54; 67; 
56; 66; 
57; 63; 
58; 65; 
59; 64; 
60; 68; 
62; 70; 
69; 78; 
71; 74; 
72; 75; 
73; 87; 
76; 85; 
77; 82; 
79; 91; 80; 
81; 88; 
83; 86; 
84; 93; 
89; 95; 
90; 100; 
92; 97; 
94; 96; 
98; 102; 
99; 105; 
101; 106; 
103; 109; 
104; 108; 
107; 113; 
110; 118; 
111; 114; 
112; 123; 
115; 125; 
116; 126; 122; 
117; 120; 
119; 129; 127; 
121; 124; 
128; 134; 
130; 131; 137; 136; 132; 
133; 135; 
138; 140; 
139; 141; 
Recursion step 4:
Partitions:
0; 1; 
2; 12; 
3; 17; 
4; 6; 
5; 7; 11; 
8; 9; 
10; 13; 
14; 15; 
16; 23; 
18; 19; 
20; 21; 
22; 25; 
24; 32; 
26; 29; 
27; 28; 
30; 31; 
33; 37; 
34; 38; 
35; 41; 
36; 39; 
40; 44; 
42; 46; 
43; 48; 
45; 47; 
49; 54; 
50; 59; 
51; 56; 
52; 58; 
53; 55; 
57; 63; 
60; 62; 
61; 64; 65; 
Recursion step 5:
Partitions:
0; 5; 1; 
2; 7; 4; 
3; 6; 
8; 11; 
9; 10; 
12; 19; 
13; 18; 
14; 16; 
15; 17; 
20; 23; 
21; 27; 26; 
22; 24; 
25; 28; 
29; 30; 31; 
Recursion step 6:
