Recursion step 0:
Partitions:
0; 5; 
1; 2; 
3; 8; 
4; 12; 
6; 11; 
7; 17; 
9; 22; 
10; 23; 
13; 16; 
14; 19; 
15; 21; 
18; 24; 
20; 34; 36; 
25; 32; 
26; 61; 
27; 29; 
28; 40; 
30; 45; 
31; 39; 
33; 56; 
35; 37; 
38; 63; 
41; 79; 
42; 50; 
43; 68; 
44; 60; 
46; 47; 
48; 72; 
49; 58; 
51; 69; 
52; 80; 
53; 77; 
54; 65; 
55; 81; 
57; 75; 
59; 64; 
62; 85; 103; 
66; 67; 
70; 71; 93; 
73; 83; 87; 
74; 76; 95; 
78; 88; 
82; 92; 
84; 100; 
86; 104; 
89; 119; 
90; 101; 
91; 105; 
94; 136; 102; 
96; 97; 
98; 116; 
99; 118; 
106; 113; 
107; 133; 
108; 109; 
110; 121; 
111; 127; 
112; 115; 
114; 124; 
117; 130; 
120; 153; 
122; 139; 
123; 141; 166; 191; 192; 169; 145; 
125; 151; 
126; 132; 
128; 152; 
129; 157; 
131; 170; 
134; 137; 
135; 149; 
138; 155; 
140; 146; 
142; 147; 
143; 161; 
144; 164; 
148; 160; 
150; 154; 
156; 175; 
158; 163; 184; 
159; 185; 
162; 167; 
165; 197; 
168; 198; 
171; 174; 
172; 202; 183; 
173; 177; 
176; 199; 
178; 193; 
179; 195; 
180; 201; 
181; 187; 
182; 194; 
186; 189; 
188; 229; 225; 
190; 210; 205; 
196; 200; 
203; 224; 
204; 208; 
206; 231; 
207; 240; 
209; 215; 
211; 217; 
212; 222; 
213; 220; 
214; 218; 
216; 254; 
219; 241; 235; 
221; 228; 
223; 238; 
226; 230; 
227; 261; 248; 
232; 234; 
233; 257; 
236; 246; 
237; 262; 
239; 245; 
242; 272; 
243; 295; 
244; 259; 
247; 265; 
249; 255; 
250; 256; 
251; 264; 
252; 266; 
253; 280; 
258; 279; 
260; 282; 
263; 285; 
267; 278; 
268; 284; 
269; 270; 
271; 291; 
273; 274; 287; 
275; 303; 
276; 290; 
277; 348; 312; 
281; 286; 
283; 289; 
288; 342; 302; 
292; 307; 
293; 308; 299; 
294; 309; 
296; 323; 
297; 305; 
298; 317; 
300; 318; 
301; 304; 
306; 331; 
310; 316; 
311; 319; 
313; 326; 329; 
314; 330; 
315; 320; 
321; 325; 343; 
322; 335; 
324; 361; 355; 
327; 337; 
328; 345; 
332; 346; 
333; 359; 
334; 347; 
336; 362; 
338; 352; 
339; 353; 
340; 368; 
341; 351; 
344; 350; 
349; 366; 
354; 377; 
356; 365; 
357; 391; 
358; 370; 
360; 371; 
363; 380; 374; 
364; 388; 
367; 369; 
372; 385; 389; 
373; 403; 
375; 379; 
376; 395; 
378; 392; 
381; 384; 
382; 400; 
383; 397; 
386; 405; 
387; 411; 
390; 406; 
393; 394; 
396; 407; 
398; 409; 
399; 441; 
401; 415; 
402; 424; 
404; 417; 
408; 416; 
410; 456; 
412; 414; 
413; 431; 
418; 433; 452; 450; 428; 
419; 442; 435; 
420; 438; 
421; 427; 
422; 430; 
423; 434; 
425; 429; 
426; 437; 
432; 459; 
436; 449; 
439; 457; 
440; 447; 
443; 462; 
444; 453; 
445; 470; 
446; 454; 
448; 494; 502; 
451; 471; 
455; 493; 
458; 464; 
460; 466; 
461; 473; 
463; 467; 
465; 495; 
468; 475; 
469; 492; 
472; 485; 
474; 503; 518; 
476; 484; 
477; 478; 
479; 505; 
480; 481; 
482; 519; 
483; 499; 486; 
487; 509; 
488; 507; 
489; 513; 508; 
490; 510; 
491; 500; 
496; 497; 
498; 504; 
501; 532; 516; 
506; 515; 
511; 537; 
512; 526; 
514; 525; 
517; 524; 
520; 544; 521; 
522; 538; 
523; 527; 
528; 534; 
529; 546; 
530; 545; 
531; 539; 
533; 536; 542; 
535; 541; 
540; 557; 562; 
543; 561; 
547; 574; 
548; 558; 
549; 555; 
550; 551; 576; 
552; 569; 556; 
553; 560; 
554; 571; 
559; 584; 
563; 570; 
564; 588; 
565; 568; 
566; 580; 
567; 573; 
572; 590; 
575; 582; 
577; 606; 
578; 599; 
579; 583; 
581; 594; 
585; 591; 610; 
586; 605; 
587; 621; 
589; 600; 
592; 596; 615; 
593; 598; 
595; 604; 
597; 623; 
601; 608; 
602; 609; 
603; 625; 
607; 619; 
611; 613; 
612; 638; 
614; 634; 
616; 636; 
617; 641; 645; 
618; 639; 
620; 652; 
622; 631; 
624; 637; 
626; 628; 
627; 643; 
629; 648; 
630; 635; 
632; 651; 
633; 660; 642; 
640; 672; 
644; 666; 
646; 653; 
647; 669; 
649; 673; 
650; 664; 
654; 659; 
655; 681; 
656; 678; 
657; 665; 
658; 674; 
661; 677; 
662; 675; 684; 
663; 668; 
667; 671; 
670; 689; 
676; 698; 712; 
679; 683; 
680; 687; 
682; 688; 
685; 716; 
686; 705; 
690; 697; 707; 
691; 711; 
692; 703; 
693; 728; 
694; 720; 
695; 725; 
696; 722; 709; 
699; 713; 708; 
700; 723; 
701; 724; 
702; 729; 
704; 710; 
706; 731; 
714; 739; 
715; 719; 
717; 736; 
718; 733; 
721; 742; 
726; 749; 
727; 735; 
730; 762; 
732; 737; 
734; 751; 
738; 746; 
740; 781; 
741; 756; 776; 777; 753; 
743; 745; 
744; 768; 
747; 767; 
748; 778; 763; 
750; 755; 
752; 785; 
754; 779; 
757; 758; 760; 
759; 769; 
761; 774; 
764; 766; 
765; 771; 
770; 787; 
772; 783; 
773; 788; 
775; 790; 
780; 793; 
782; 797; 
784; 810; 813; 
786; 794; 
789; 811; 792; 
791; 816; 
795; 805; 
796; 798; 
799; 803; 
800; 818; 
801; 808; 
802; 821; 
804; 822; 
806; 820; 
807; 819; 
809; 833; 
812; 832; 
814; 825; 
815; 823; 
817; 852; 
824; 841; 831; 
826; 848; 
827; 836; 
828; 843; 
829; 830; 
834; 850; 
835; 857; 
837; 844; 
838; 858; 869; 
839; 842; 
840; 847; 
845; 868; 
846; 855; 
849; 861; 
851; 853; 
854; 873; 877; 
856; 885; 865; 
859; 864; 
860; 866; 
862; 863; 
867; 901; 
870; 881; 
871; 886; 
872; 893; 
874; 888; 
875; 890; 
876; 882; 
878; 897; 
879; 904; 
880; 906; 
883; 891; 
884; 887; 
889; 895; 
892; 899; 
894; 898; 
896; 934; 
900; 915; 
902; 912; 
903; 905; 
907; 942; 
908; 911; 
909; 920; 
910; 933; 
913; 921; 
914; 936; 
916; 932; 
917; 953; 
918; 937; 
919; 927; 
922; 959; 954; 
923; 926; 
924; 939; 
925; 935; 
928; 944; 
929; 930; 
931; 941; 
938; 952; 
940; 957; 973; 991; 987; 971; 948; 
943; 945; 
946; 978; 963; 
947; 960; 
949; 950; 
951; 979; 
955; 977; 
956; 969; 
958; 974; 
961; 980; 
962; 970; 
964; 986; 984; 
965; 968; 
966; 990; 
967; 998; 
972; 975; 
976; 996; 
981; 982; 999; 
983; 1011; 
985; 1001; 1003; 
988; 1002; 
989; 995; 
992; 1007; 
993; 994; 1017; 
997; 1010; 
1000; 1018; 
1004; 1013; 
1005; 1008; 
1006; 1012; 
1009; 1030; 1016; 
1014; 1031; 
1015; 1025; 
1019; 1049; 1042; 
1020; 1033; 
1021; 1023; 
1022; 1024; 
1026; 1045; 
1027; 1032; 
1028; 1037; 1047; 
1029; 1058; 
1034; 1036; 1041; 
1035; 1038; 
1039; 1067; 
1040; 1052; 
1043; 1053; 
1044; 1046; 
1048; 1060; 1068; 
1050; 1059; 
1051; 1073; 
1054; 1057; 
1055; 1061; 
1056; 1075; 
1062; 1071; 
1063; 1076; 1079; 
1064; 1065; 
1066; 1077; 
1069; 1088; 
1070; 1082; 
1072; 1083; 
1074; 1100; 
1078; 1094; 
1080; 1090; 
1081; 1097; 
1084; 1119; 
1085; 1089; 
1086; 1098; 
1087; 1108; 
1091; 1139; 
1092; 1105; 
1093; 1112; 
1095; 1113; 
1096; 1123; 1106; 
1099; 1143; 1101; 
1102; 1132; 
1103; 1104; 
1107; 1109; 
1110; 1131; 1120; 
1111; 1147; 
1114; 1126; 
1115; 1130; 1138; 
1116; 1154; 
1117; 1136; 1128; 
1118; 1129; 
1121; 1125; 
1122; 1142; 
1124; 1145; 
1127; 1150; 
1133; 1144; 
1134; 1149; 
1135; 1164; 
1137; 1155; 
1140; 1153; 1148; 
1141; 1163; 
1146; 1174; 1157; 
1151; 1158; 
1152; 1168; 
1156; 1160; 
1159; 1171; 
1161; 1181; 
1162; 1177; 
1165; 1166; 
1167; 1192; 
1169; 1195; 
1170; 1187; 
1172; 1175; 
1173; 1199; 
1176; 1201; 
1178; 1180; 
1179; 1193; 
1182; 1188; 
1183; 1198; 
1184; 1203; 
1185; 1189; 1212; 
1186; 1217; 1194; 
1190; 1207; 
1191; 1197; 1210; 
1196; 1202; 
1200; 1206; 
1204; 1215; 
1205; 1216; 
1208; 1222; 
1209; 1226; 
1211; 1232; 
1213; 1221; 
1214; 1227; 
1218; 1228; 1239; 
1219; 1231; 
1220; 1235; 
1223; 1225; 
1224; 1229; 
1230; 1244; 
1233; 1242; 
1234; 1237; 
1236; 1261; 1255; 
1238; 1243; 
1240; 1250; 1264; 
1241; 1252; 1254; 
1245; 1258; 
1246; 1248; 
1247; 1249; 
1251; 1268; 
1253; 1263; 
1256; 1272; 
1257; 1267; 
1259; 1271; 
1260; 1283; 
1262; 1277; 
1265; 1269; 
1266; 1275; 
1270; 1293; 
1273; 1278; 
1274; 1287; 
1276; 1291; 
1279; 1290; 1280; 
1281; 1288; 
1282; 1285; 
1284; 1294; 
1286; 1289; 1292; 
1295; 1296; 
1297; 1314; 
1298; 1304; 
1299; 1308; 
1300; 1310; 1309; 
1301; 1317; 
1302; 1323; 1318; 
1303; 1321; 
1305; 1324; 
1306; 1307; 
1311; 1327; 
1312; 1316; 
1313; 1329; 
1315; 1334; 
1319; 1326; 
1320; 1325; 
1322; 1335; 
1328; 1341; 
1330; 1338; 
1331; 1340; 1339; 
1332; 1343; 
1333; 1337; 
1336; 1348; 
1342; 1351; 
1344; 1345; 
1346; 1350; 
1347; 1349; 
1352; 1358; 
1353; 1354; 
1355; 1357; 
1356; 1359; 
1360; 1361; 
1362; 1366; 1363; 
1364; 1368; 
1365; 1373; 
1367; 1372; 
1369; 1376; 
1370; 1371; 
1374; 1375; 
1377; 1378; 
Recursion step 1:
Partitions:
0; 7; 
1; 6; 
2; 3; 
4; 14; 
5; 8; 
9; 38; 19; 
10; 13; 18; 
11; 15; 
12; 23; 
16; 26; 
17; 37; 
20; 29; 
21; 22; 
24; 30; 
25; 41; 
27; 28; 
31; 36; 
32; 43; 
33; 34; 
35; 44; 
39; 49; 
40; 42; 
45; 47; 
46; 64; 
48; 76; 
50; 60; 
51; 59; 
52; 58; 
53; 61; 
54; 70; 
55; 68; 
56; 63; 
57; 80; 
62; 103; 
65; 74; 
66; 92; 
67; 73; 
69; 81; 
71; 77; 
72; 84; 
75; 91; 
78; 87; 
79; 83; 
82; 98; 
85; 104; 
86; 109; 
88; 101; 
89; 106; 
90; 100; 
93; 120; 
94; 113; 
95; 102; 
96; 117; 
97; 115; 
99; 111; 
105; 130; 
107; 128; 
108; 122; 
110; 134; 
112; 123; 
114; 132; 
116; 141; 
118; 126; 
119; 136; 
121; 127; 
124; 125; 146; 
129; 137; 
131; 147; 
133; 145; 
135; 154; 
138; 190; 216; 210; 180; 
139; 161; 
140; 151; 
142; 163; 
143; 159; 
144; 148; 
149; 158; 
150; 170; 
152; 167; 
153; 169; 
155; 182; 
156; 164; 
157; 181; 
160; 162; 
165; 178; 
166; 168; 
171; 174; 
172; 201; 
173; 191; 
175; 187; 
176; 184; 
177; 196; 
179; 188; 
183; 192; 
185; 204; 
186; 194; 
189; 197; 
193; 202; 
195; 214; 
198; 200; 
199; 207; 
203; 212; 
205; 221; 
206; 211; 
208; 240; 
209; 213; 
215; 236; 228; 
217; 219; 
218; 227; 
220; 231; 223; 
222; 241; 224; 
225; 238; 
226; 246; 264; 265; 256; 243; 229; 
230; 242; 
232; 234; 
233; 248; 
235; 255; 
237; 245; 
239; 244; 
247; 258; 
249; 259; 
250; 252; 
251; 269; 
253; 260; 
254; 274; 
257; 294; 273; 
261; 271; 
262; 275; 
263; 278; 
266; 276; 
267; 281; 
268; 288; 
270; 284; 
272; 279; 
277; 282; 
280; 297; 
283; 301; 
285; 293; 
286; 307; 
287; 295; 
289; 311; 
290; 315; 
291; 310; 
292; 298; 
296; 308; 
299; 306; 
300; 316; 
302; 312; 
303; 317; 
304; 320; 305; 
309; 323; 
313; 337; 
314; 321; 
318; 319; 
322; 339; 
324; 333; 351; 
325; 327; 
326; 345; 
328; 346; 
329; 338; 
330; 343; 
331; 350; 
332; 357; 
334; 335; 
336; 347; 
340; 353; 
341; 361; 
342; 354; 
344; 370; 352; 
348; 363; 
349; 365; 
355; 384; 
356; 358; 
359; 364; 
360; 366; 
362; 378; 
367; 395; 
368; 379; 
369; 383; 
371; 389; 387; 
372; 386; 
373; 380; 
374; 385; 
375; 397; 
376; 382; 
377; 393; 
381; 402; 
388; 403; 
390; 396; 
391; 398; 
392; 409; 
394; 423; 
399; 400; 
401; 417; 
404; 419; 
405; 412; 
406; 427; 
407; 418; 
408; 414; 
410; 415; 
411; 426; 
413; 421; 
416; 437; 
420; 428; 
422; 444; 455; 453; 470; 457; 452; 438; 430; 
424; 436; 
425; 434; 
429; 432; 
431; 443; 433; 
435; 465; 463; 479; 472; 451; 441; 
439; 442; 
440; 446; 
445; 467; 
447; 450; 
448; 462; 
449; 464; 
454; 459; 
456; 458; 
460; 461; 
466; 474; 
468; 487; 
469; 484; 
471; 478; 
473; 492; 485; 
475; 490; 
476; 486; 
477; 480; 
481; 488; 
482; 502; 
483; 491; 
489; 501; 
493; 497; 511; 
494; 506; 
495; 507; 
496; 510; 
498; 517; 
499; 528; 
500; 509; 
503; 525; 
504; 519; 
505; 520; 
508; 524; 
512; 515; 
513; 523; 
514; 534; 
516; 518; 
521; 537; 
522; 530; 
526; 531; 
527; 542; 
529; 543; 
532; 533; 
535; 554; 
536; 544; 
538; 551; 
539; 540; 
541; 555; 
545; 546; 562; 
547; 548; 
549; 552; 563; 
550; 561; 
553; 572; 
556; 558; 
557; 568; 
559; 565; 
560; 569; 
564; 566; 
567; 571; 
570; 573; 
574; 584; 
575; 585; 582; 
576; 583; 
577; 581; 
578; 591; 
579; 589; 
580; 587; 
586; 592; 601; 
588; 593; 
590; 599; 
594; 600; 
595; 598; 
596; 603; 
597; 605; 
602; 620; 604; 
606; 609; 
607; 619; 
608; 615; 
610; 618; 616; 
611; 614; 
612; 613; 
617; 622; 
621; 623; 
624; 625; 
626; 632; 634; 628; 627; 
629; 633; 
630; 636; 
631; 635; 
637; 639; 
638; 640; 
Recursion step 2:
Partitions:
0; 4; 
1; 7; 
2; 6; 
3; 9; 
5; 18; 
8; 16; 
10; 14; 
11; 17; 
12; 20; 
13; 23; 
15; 30; 21; 
19; 29; 
22; 35; 24; 
25; 32; 
26; 42; 
27; 34; 
28; 47; 
31; 41; 
33; 48; 
36; 54; 39; 
37; 38; 
40; 53; 
43; 44; 
45; 46; 
49; 61; 
50; 57; 
51; 62; 
52; 64; 
55; 72; 
56; 69; 
58; 73; 
59; 63; 
60; 68; 84; 
65; 83; 
66; 78; 
67; 87; 
70; 74; 
71; 88; 
75; 79; 
76; 86; 
77; 82; 
80; 97; 
81; 91; 
85; 93; 
89; 101; 92; 
90; 100; 
94; 99; 
95; 103; 
96; 109; 
98; 120; 
102; 117; 
104; 108; 
105; 118; 
106; 121; 
107; 114; 
110; 119; 
111; 123; 
112; 134; 
113; 115; 
116; 126; 
122; 137; 
124; 144; 138; 
125; 153; 
127; 133; 
128; 139; 
129; 141; 
130; 136; 
131; 132; 
135; 146; 
140; 142; 
143; 147; 
145; 159; 
148; 164; 
149; 151; 
150; 158; 160; 
152; 163; 
154; 166; 
155; 173; 185; 
156; 165; 
157; 162; 
161; 174; 
167; 181; 
168; 183; 
169; 182; 
170; 184; 
171; 180; 
172; 178; 
175; 176; 
177; 188; 
179; 199; 186; 
187; 195; 
189; 198; 
190; 194; 
191; 201; 
192; 197; 
193; 207; 
196; 213; 
200; 210; 
202; 208; 
203; 205; 
204; 214; 
206; 215; 
209; 225; 
211; 216; 
212; 223; 224; 
217; 219; 
218; 226; 
220; 221; 
222; 229; 
227; 234; 
228; 233; 
230; 240; 
231; 239; 
232; 235; 
236; 257; 243; 
237; 248; 
238; 244; 
241; 250; 
242; 253; 
245; 252; 
246; 259; 
247; 258; 
249; 265; 
251; 262; 
254; 266; 
255; 263; 
256; 260; 
261; 264; 275; 
267; 270; 
268; 273; 
269; 272; 
271; 281; 
274; 277; 
276; 278; 288; 
279; 284; 
280; 283; 
282; 285; 
286; 291; 
287; 290; 
289; 292; 
293; 295; 
294; 296; 
297; 298; 
Recursion step 3:
Partitions:
0; 1; 
2; 5; 20; 26; 27; 17; 8; 
3; 4; 13; 22; 16; 
6; 7; 
9; 11; 
10; 19; 
12; 23; 
14; 15; 
18; 31; 
21; 30; 28; 
24; 34; 
25; 38; 
29; 35; 
32; 45; 33; 
36; 49; 
37; 48; 
39; 44; 
40; 46; 
41; 42; 
43; 47; 
50; 61; 
51; 53; 
52; 57; 
54; 58; 
55; 59; 
56; 63; 
60; 69; 
62; 72; 
64; 65; 
66; 70; 
67; 68; 
71; 75; 
73; 81; 
74; 78; 
76; 89; 
77; 79; 
80; 85; 
82; 93; 83; 
84; 86; 
87; 91; 
88; 92; 
90; 99; 
94; 98; 
95; 96; 
97; 103; 105; 
100; 108; 
101; 104; 117; 127; 118; 110; 106; 
102; 111; 
107; 113; 
109; 112; 
114; 123; 
115; 120; 
116; 119; 
121; 126; 
122; 125; 
124; 130; 
128; 132; 
129; 133; 
131; 138; 
134; 136; 
135; 139; 
137; 140; 
141; 142; 
Recursion step 4:
Partitions:
0; 3; 
1; 7; 
2; 6; 
4; 9; 
5; 12; 
8; 11; 15; 23; 17; 
10; 19; 
13; 16; 
14; 20; 
18; 21; 
22; 24; 
25; 29; 
26; 35; 
27; 37; 34; 
28; 32; 
30; 33; 
31; 38; 
36; 39; 
40; 43; 
41; 42; 
44; 49; 
45; 51; 
46; 48; 
47; 52; 
50; 59; 56; 
53; 55; 
54; 57; 
58; 60; 
61; 62; 
Recursion step 5:
Partitions:
0; 1; 
2; 7; 
3; 5; 
4; 6; 
8; 13; 
9; 11; 
10; 14; 
12; 16; 
15; 17; 
18; 19; 
20; 21; 
22; 26; 
23; 25; 24; 
27; 28; 
Recursion step 6:
