452230455
448336796
451877604
453470895
451597615
446269888
451394273
443391552
448658709
447382073
450765201
448727342
445312376
451326404
443738497
445165377
451611813
443333974
443692422
447907714
451294071
448238107
448599751
451092857
446196438
448793682
449321188
455073176
448707092
448230666
451150055
448277966
448281761
452496950
446390912
449037692
445886282
472680170
449698530
447476843
453062572
444354842
443468950
445929441
453947553
445174885
444175511
453422053
448653613
448279813
463188998
454123514
450176547
450418204
451675520
448502730
442545397
452158188
448014749
456711148
444222801
449365547
446959394
449182770
