446492890
449103411
445197175
452920272
448493107
448705794
452865826
445964349
447605694
445551993
452477581
448388272
448545128
447792936
447326377
447914087
451733667
448762559
447733014
448148266
448002248
445449778
444035099
448978525
448381373
447805771
450051326
451701049
447916233
447299901
452552917
448124385
446096621
449272887
446453051
447982002
443476529
452717552
448545831
448705229
452074988
448417757
448281239
448128221
452514603
448413483
448988603
446241901
445276123
442610025
444537543
451561521
445321108
448054503
451222698
443623227
444959718
450515449
445533512
448126005
443262393
452565633
443515412
443555416
