463775931
489959875
460477846
449860501
455670556
452766736
444200011
447546910
445268098
448378591
448252307
448885702
452695972
446091842
450387191
448107542
449056746
448532399
449753046
453188569
444940030
447980983
451692933
449239031
448705788
446021934
448887921
448962839
448840340
447147593
446024506
442612403
446436570
446270075
448861108
448621433
452459873
448533134
448257353
450072546
447841164
448986711
447893526
451276163
447946247
442119242
448753128
444619830
443970927
443630163
453917592
447794901
447741423
452327407
449248600
445008988
449589883
448708372
447707308
448467565
451415005
448674758
448421862
453956492
