455348699
446108655
442198290
444780469
454228150
448967125
446190096
453411134
448999569
448207576
444746316
448046613
448813962
449229858
452525655
445686779
448372232
455540385
448670631
448441287
447861355
453076589
449269016
443181445
448777338
449622395
448930059
449555198
452392491
448140138
448586560
449049338
446195004
448886520
452937034
445758013
442898102
445635570
451004330
450657640
445119455
449280450
448782952
448455555
445974005
452146889
443337780
447909277
452897290
448923606
448214345
449718909
451357796
445867101
442651326
452748042
443222780
449742064
453203346
447934823
448121530
447942104
451907477
448298723
