Recursion step 0:
Costs:
0.000000e+00; 2.600000e+01; 2.600000e+01; 2.600000e+01; 1.000000e+01; 6.000000e+01; 6.000000e+01; 6.000000e+01; 6.800000e+01; 6.800000e+01; 6.800000e+01; 6.800000e+01; 9.200000e+01; 9.200000e+01; 9.200000e+01; 1.160000e+02; 1.160000e+02; 1.160000e+02; 1.640000e+02; 1.640000e+02; 1.640000e+02; 8.400000e+01; 3.600000e+01; 3.600000e+01; 4.200000e+01; 4.600000e+01; 1.200000e+02; 2.700000e+01; 2.700000e+01; 6.100000e+01; 6.100000e+01; 6.900000e+01; 6.900000e+01; 9.300000e+01; 9.300000e+01; 2.100000e+01; 2.700000e+01; 3.100000e+01; 3.720000e+02; 3.720000e+02; 4.460000e+02; 4.460000e+02; 4.460000e+02; 
3.600000e+01; 0.000000e+00; 0.000000e+00; 0.000000e+00; 3.600000e+01; 6.000000e+00; 6.000000e+00; 6.000000e+00; 1.000000e+01; 1.000000e+01; 1.000000e+01; 1.000000e+01; 1.200000e+01; 1.200000e+01; 1.200000e+01; 1.600000e+01; 1.600000e+01; 1.600000e+01; 9.600000e+01; 9.600000e+01; 9.600000e+01; 6.400000e+01; 2.200000e+01; 2.200000e+01; 1.600000e+01; 2.200000e+01; 3.000000e+01; 1.000000e+00; 1.000000e+00; 7.000000e+00; 7.000000e+00; 1.100000e+01; 1.100000e+01; 1.300000e+01; 1.300000e+01; 7.000000e+00; 1.000000e+00; 7.000000e+00; 3.480000e+02; 3.480000e+02; 3.560000e+02; 3.560000e+02; 3.560000e+02; 
3.600000e+01; 0.000000e+00; 0.000000e+00; 0.000000e+00; 3.600000e+01; 6.000000e+00; 6.000000e+00; 6.000000e+00; 1.000000e+01; 1.000000e+01; 1.000000e+01; 1.000000e+01; 1.200000e+01; 1.200000e+01; 1.200000e+01; 1.600000e+01; 1.600000e+01; 1.600000e+01; 9.600000e+01; 9.600000e+01; 9.600000e+01; 6.400000e+01; 2.200000e+01; 2.200000e+01; 1.600000e+01; 2.200000e+01; 3.000000e+01; 1.000000e+00; 1.000000e+00; 7.000000e+00; 7.000000e+00; 1.100000e+01; 1.100000e+01; 1.300000e+01; 1.300000e+01; 7.000000e+00; 1.000000e+00; 7.000000e+00; 3.480000e+02; 3.480000e+02; 3.560000e+02; 3.560000e+02; 3.560000e+02; 
3.600000e+01; 0.000000e+00; 0.000000e+00; 0.000000e+00; 3.600000e+01; 6.000000e+00; 6.000000e+00; 6.000000e+00; 1.000000e+01; 1.000000e+01; 1.000000e+01; 1.000000e+01; 1.200000e+01; 1.200000e+01; 1.200000e+01; 1.600000e+01; 1.600000e+01; 1.600000e+01; 9.600000e+01; 9.600000e+01; 9.600000e+01; 6.400000e+01; 2.200000e+01; 2.200000e+01; 1.600000e+01; 2.200000e+01; 3.000000e+01; 1.000000e+00; 1.000000e+00; 7.000000e+00; 7.000000e+00; 1.100000e+01; 1.100000e+01; 1.300000e+01; 1.300000e+01; 7.000000e+00; 1.000000e+00; 7.000000e+00; 3.480000e+02; 3.480000e+02; 3.560000e+02; 3.560000e+02; 3.560000e+02; 
1.000000e+01; 2.600000e+01; 2.600000e+01; 2.600000e+01; 0.000000e+00; 2.600000e+01; 2.600000e+01; 2.600000e+01; 3.000000e+01; 3.000000e+01; 3.000000e+01; 3.000000e+01; 3.200000e+01; 3.200000e+01; 3.200000e+01; 3.600000e+01; 3.600000e+01; 3.600000e+01; 1.160000e+02; 1.160000e+02; 1.160000e+02; 8.400000e+01; 4.600000e+01; 4.600000e+01; 4.200000e+01; 3.600000e+01; 5.000000e+01; 2.700000e+01; 2.700000e+01; 2.700000e+01; 2.700000e+01; 3.100000e+01; 3.100000e+01; 3.300000e+01; 3.300000e+01; 3.100000e+01; 2.700000e+01; 2.100000e+01; 3.620000e+02; 3.620000e+02; 3.760000e+02; 3.760000e+02; 3.760000e+02; 
7.400000e+01; 6.000000e+00; 6.000000e+00; 6.000000e+00; 3.600000e+01; 0.000000e+00; 0.000000e+00; 0.000000e+00; 4.000000e+00; 4.000000e+00; 4.000000e+00; 4.000000e+00; 6.000000e+00; 6.000000e+00; 6.000000e+00; 1.200000e+01; 1.200000e+01; 1.200000e+01; 2.400000e+01; 2.400000e+01; 2.400000e+01; 1.120000e+02; 6.000000e+01; 6.000000e+01; 2.200000e+01; 2.200000e+01; 2.600000e+01; 7.000000e+00; 7.000000e+00; 1.000000e+00; 1.000000e+00; 5.000000e+00; 5.000000e+00; 7.000000e+00; 7.000000e+00; 4.500000e+01; 7.000000e+00; 7.000000e+00; 3.480000e+02; 3.480000e+02; 3.520000e+02; 3.520000e+02; 3.520000e+02; 
7.400000e+01; 6.000000e+00; 6.000000e+00; 6.000000e+00; 3.600000e+01; 0.000000e+00; 0.000000e+00; 0.000000e+00; 4.000000e+00; 4.000000e+00; 4.000000e+00; 4.000000e+00; 6.000000e+00; 6.000000e+00; 6.000000e+00; 1.200000e+01; 1.200000e+01; 1.200000e+01; 2.400000e+01; 2.400000e+01; 2.400000e+01; 1.120000e+02; 6.000000e+01; 6.000000e+01; 2.200000e+01; 2.200000e+01; 2.600000e+01; 7.000000e+00; 7.000000e+00; 1.000000e+00; 1.000000e+00; 5.000000e+00; 5.000000e+00; 7.000000e+00; 7.000000e+00; 4.500000e+01; 7.000000e+00; 7.000000e+00; 3.480000e+02; 3.480000e+02; 3.520000e+02; 3.520000e+02; 3.520000e+02; 
0.000000e+00; 0.000000e+00; 0.000000e+00; 0.000000e+00; 0.000000e+00; 0.000000e+00; 0.000000e+00; 0.000000e+00; 0.000000e+00; 0.000000e+00; 0.000000e+00; 0.000000e+00; 0.000000e+00; 0.000000e+00; 0.000000e+00; 0.000000e+00; 0.000000e+00; 0.000000e+00; 0.000000e+00; 0.000000e+00; 0.000000e+00; 0.000000e+00; 0.000000e+00; 0.000000e+00; 0.000000e+00; 0.000000e+00; 0.000000e+00; 0.000000e+00; 0.000000e+00; 0.000000e+00; 0.000000e+00; 0.000000e+00; 0.000000e+00; 0.000000e+00; 0.000000e+00; 0.000000e+00; 0.000000e+00; 0.000000e+00; 0.000000e+00; 0.000000e+00; 0.000000e+00; 0.000000e+00; 0.000000e+00; 
8.200000e+01; 1.000000e+01; 1.000000e+01; 1.000000e+01; 4.000000e+01; 4.000000e+00; 4.000000e+00; 4.000000e+00; 0.000000e+00; 0.000000e+00; 0.000000e+00; 0.000000e+00; 1.200000e+01; 1.200000e+01; 1.200000e+01; 1.600000e+01; 1.600000e+01; 1.600000e+01; 2.400000e+01; 2.400000e+01; 2.400000e+01; 1.120000e+02; 6.800000e+01; 6.800000e+01; 2.600000e+01; 2.600000e+01; 3.000000e+01; 1.100000e+01; 1.100000e+01; 5.000000e+00; 5.000000e+00; 1.000000e+00; 1.000000e+00; 1.300000e+01; 1.300000e+01; 5.300000e+01; 1.100000e+01; 1.100000e+01; 3.520000e+02; 3.520000e+02; 3.560000e+02; 3.560000e+02; 3.560000e+02; 
8.200000e+01; 1.000000e+01; 1.000000e+01; 1.000000e+01; 4.000000e+01; 4.000000e+00; 4.000000e+00; 4.000000e+00; 0.000000e+00; 0.000000e+00; 0.000000e+00; 0.000000e+00; 1.200000e+01; 1.200000e+01; 1.200000e+01; 1.600000e+01; 1.600000e+01; 1.600000e+01; 2.400000e+01; 2.400000e+01; 2.400000e+01; 1.120000e+02; 6.800000e+01; 6.800000e+01; 2.600000e+01; 2.600000e+01; 3.000000e+01; 1.100000e+01; 1.100000e+01; 5.000000e+00; 5.000000e+00; 1.000000e+00; 1.000000e+00; 1.300000e+01; 1.300000e+01; 5.300000e+01; 1.100000e+01; 1.100000e+01; 3.520000e+02; 3.520000e+02; 3.560000e+02; 3.560000e+02; 3.560000e+02; 
8.200000e+01; 1.000000e+01; 1.000000e+01; 1.000000e+01; 4.000000e+01; 4.000000e+00; 4.000000e+00; 4.000000e+00; 0.000000e+00; 0.000000e+00; 0.000000e+00; 0.000000e+00; 1.200000e+01; 1.200000e+01; 1.200000e+01; 1.600000e+01; 1.600000e+01; 1.600000e+01; 2.400000e+01; 2.400000e+01; 2.400000e+01; 1.120000e+02; 6.800000e+01; 6.800000e+01; 2.600000e+01; 2.600000e+01; 3.000000e+01; 1.100000e+01; 1.100000e+01; 5.000000e+00; 5.000000e+00; 1.000000e+00; 1.000000e+00; 1.300000e+01; 1.300000e+01; 5.300000e+01; 1.100000e+01; 1.100000e+01; 3.520000e+02; 3.520000e+02; 3.560000e+02; 3.560000e+02; 3.560000e+02; 
8.200000e+01; 1.000000e+01; 1.000000e+01; 1.000000e+01; 4.000000e+01; 4.000000e+00; 4.000000e+00; 4.000000e+00; 0.000000e+00; 0.000000e+00; 0.000000e+00; 0.000000e+00; 1.200000e+01; 1.200000e+01; 1.200000e+01; 1.600000e+01; 1.600000e+01; 1.600000e+01; 2.400000e+01; 2.400000e+01; 2.400000e+01; 1.120000e+02; 6.800000e+01; 6.800000e+01; 2.600000e+01; 2.600000e+01; 3.000000e+01; 1.100000e+01; 1.100000e+01; 5.000000e+00; 5.000000e+00; 1.000000e+00; 1.000000e+00; 1.300000e+01; 1.300000e+01; 5.300000e+01; 1.100000e+01; 1.100000e+01; 3.520000e+02; 3.520000e+02; 3.560000e+02; 3.560000e+02; 3.560000e+02; 
1.060000e+02; 1.200000e+01; 1.200000e+01; 1.200000e+01; 4.200000e+01; 6.000000e+00; 6.000000e+00; 6.000000e+00; 6.000000e+00; 6.000000e+00; 6.000000e+00; 6.000000e+00; 0.000000e+00; 0.000000e+00; 0.000000e+00; 1.200000e+01; 1.200000e+01; 1.200000e+01; 2.400000e+01; 2.400000e+01; 2.400000e+01; 1.240000e+02; 9.200000e+01; 9.200000e+01; 2.800000e+01; 2.800000e+01; 2.400000e+01; 1.300000e+01; 1.300000e+01; 7.000000e+00; 7.000000e+00; 7.000000e+00; 7.000000e+00; 1.000000e+00; 1.000000e+00; 7.700000e+01; 1.300000e+01; 1.300000e+01; 3.540000e+02; 3.540000e+02; 3.500000e+02; 3.500000e+02; 3.500000e+02; 
1.060000e+02; 1.200000e+01; 1.200000e+01; 1.200000e+01; 4.200000e+01; 6.000000e+00; 6.000000e+00; 6.000000e+00; 6.000000e+00; 6.000000e+00; 6.000000e+00; 6.000000e+00; 0.000000e+00; 0.000000e+00; 0.000000e+00; 1.200000e+01; 1.200000e+01; 1.200000e+01; 2.400000e+01; 2.400000e+01; 2.400000e+01; 1.240000e+02; 9.200000e+01; 9.200000e+01; 2.800000e+01; 2.800000e+01; 2.400000e+01; 1.300000e+01; 1.300000e+01; 7.000000e+00; 7.000000e+00; 7.000000e+00; 7.000000e+00; 1.000000e+00; 1.000000e+00; 7.700000e+01; 1.300000e+01; 1.300000e+01; 3.540000e+02; 3.540000e+02; 3.500000e+02; 3.500000e+02; 3.500000e+02; 
1.060000e+02; 1.200000e+01; 1.200000e+01; 1.200000e+01; 4.200000e+01; 6.000000e+00; 6.000000e+00; 6.000000e+00; 6.000000e+00; 6.000000e+00; 6.000000e+00; 6.000000e+00; 0.000000e+00; 0.000000e+00; 0.000000e+00; 1.200000e+01; 1.200000e+01; 1.200000e+01; 2.400000e+01; 2.400000e+01; 2.400000e+01; 1.240000e+02; 9.200000e+01; 9.200000e+01; 2.800000e+01; 2.800000e+01; 2.400000e+01; 1.300000e+01; 1.300000e+01; 7.000000e+00; 7.000000e+00; 7.000000e+00; 7.000000e+00; 1.000000e+00; 1.000000e+00; 7.700000e+01; 1.300000e+01; 1.300000e+01; 3.540000e+02; 3.540000e+02; 3.500000e+02; 3.500000e+02; 3.500000e+02; 
1.300000e+02; 1.600000e+01; 1.600000e+01; 1.600000e+01; 4.600000e+01; 1.200000e+01; 1.200000e+01; 1.200000e+01; 1.600000e+01; 1.600000e+01; 1.600000e+01; 1.600000e+01; 1.200000e+01; 1.200000e+01; 1.200000e+01; 0.000000e+00; 0.000000e+00; 0.000000e+00; 1.200000e+01; 1.200000e+01; 1.200000e+01; 2.320000e+02; 1.160000e+02; 1.160000e+02; 3.200000e+01; 3.200000e+01; 2.800000e+01; 1.700000e+01; 1.700000e+01; 1.300000e+01; 1.300000e+01; 1.700000e+01; 1.700000e+01; 1.300000e+01; 1.300000e+01; 1.010000e+02; 1.700000e+01; 1.700000e+01; 3.580000e+02; 3.580000e+02; 3.540000e+02; 3.540000e+02; 3.540000e+02; 
1.300000e+02; 1.600000e+01; 1.600000e+01; 1.600000e+01; 4.600000e+01; 1.200000e+01; 1.200000e+01; 1.200000e+01; 1.600000e+01; 1.600000e+01; 1.600000e+01; 1.600000e+01; 1.200000e+01; 1.200000e+01; 1.200000e+01; 0.000000e+00; 0.000000e+00; 0.000000e+00; 1.200000e+01; 1.200000e+01; 1.200000e+01; 2.320000e+02; 1.160000e+02; 1.160000e+02; 3.200000e+01; 3.200000e+01; 2.800000e+01; 1.700000e+01; 1.700000e+01; 1.300000e+01; 1.300000e+01; 1.700000e+01; 1.700000e+01; 1.300000e+01; 1.300000e+01; 1.010000e+02; 1.700000e+01; 1.700000e+01; 3.580000e+02; 3.580000e+02; 3.540000e+02; 3.540000e+02; 3.540000e+02; 
1.300000e+02; 1.600000e+01; 1.600000e+01; 1.600000e+01; 4.600000e+01; 1.200000e+01; 1.200000e+01; 1.200000e+01; 1.600000e+01; 1.600000e+01; 1.600000e+01; 1.600000e+01; 1.200000e+01; 1.200000e+01; 1.200000e+01; 0.000000e+00; 0.000000e+00; 0.000000e+00; 1.200000e+01; 1.200000e+01; 1.200000e+01; 2.320000e+02; 1.160000e+02; 1.160000e+02; 3.200000e+01; 3.200000e+01; 2.800000e+01; 1.700000e+01; 1.700000e+01; 1.300000e+01; 1.300000e+01; 1.700000e+01; 1.700000e+01; 1.300000e+01; 1.300000e+01; 1.010000e+02; 1.700000e+01; 1.700000e+01; 3.580000e+02; 3.580000e+02; 3.540000e+02; 3.540000e+02; 3.540000e+02; 
1.780000e+02; 9.600000e+01; 9.600000e+01; 9.600000e+01; 1.260000e+02; 2.400000e+01; 2.400000e+01; 2.400000e+01; 2.400000e+01; 2.400000e+01; 2.400000e+01; 2.400000e+01; 2.400000e+01; 2.400000e+01; 2.400000e+01; 1.200000e+01; 1.200000e+01; 1.200000e+01; 0.000000e+00; 0.000000e+00; 0.000000e+00; 3.520000e+02; 1.640000e+02; 1.640000e+02; 1.120000e+02; 1.120000e+02; 4.000000e+01; 9.700000e+01; 9.700000e+01; 2.500000e+01; 2.500000e+01; 2.500000e+01; 2.500000e+01; 2.500000e+01; 2.500000e+01; 1.490000e+02; 9.700000e+01; 9.700000e+01; 4.380000e+02; 4.380000e+02; 3.660000e+02; 3.660000e+02; 3.660000e+02; 
1.780000e+02; 9.600000e+01; 9.600000e+01; 9.600000e+01; 1.260000e+02; 2.400000e+01; 2.400000e+01; 2.400000e+01; 2.400000e+01; 2.400000e+01; 2.400000e+01; 2.400000e+01; 2.400000e+01; 2.400000e+01; 2.400000e+01; 1.200000e+01; 1.200000e+01; 1.200000e+01; 0.000000e+00; 0.000000e+00; 0.000000e+00; 3.520000e+02; 1.640000e+02; 1.640000e+02; 1.120000e+02; 1.120000e+02; 4.000000e+01; 9.700000e+01; 9.700000e+01; 2.500000e+01; 2.500000e+01; 2.500000e+01; 2.500000e+01; 2.500000e+01; 2.500000e+01; 1.490000e+02; 9.700000e+01; 9.700000e+01; 4.380000e+02; 4.380000e+02; 3.660000e+02; 3.660000e+02; 3.660000e+02; 
1.780000e+02; 9.600000e+01; 9.600000e+01; 9.600000e+01; 1.260000e+02; 2.400000e+01; 2.400000e+01; 2.400000e+01; 2.400000e+01; 2.400000e+01; 2.400000e+01; 2.400000e+01; 2.400000e+01; 2.400000e+01; 2.400000e+01; 1.200000e+01; 1.200000e+01; 1.200000e+01; 0.000000e+00; 0.000000e+00; 0.000000e+00; 3.520000e+02; 1.640000e+02; 1.640000e+02; 1.120000e+02; 1.120000e+02; 4.000000e+01; 9.700000e+01; 9.700000e+01; 2.500000e+01; 2.500000e+01; 2.500000e+01; 2.500000e+01; 2.500000e+01; 2.500000e+01; 1.490000e+02; 9.700000e+01; 9.700000e+01; 4.380000e+02; 4.380000e+02; 3.660000e+02; 3.660000e+02; 3.660000e+02; 
7.000000e+01; 4.600000e+01; 4.600000e+01; 4.600000e+01; 7.600000e+01; 5.600000e+01; 5.600000e+01; 5.600000e+01; 5.600000e+01; 5.600000e+01; 5.600000e+01; 5.600000e+01; 7.600000e+01; 7.600000e+01; 7.600000e+01; 1.600000e+02; 1.600000e+02; 1.600000e+02; 2.320000e+02; 2.320000e+02; 2.320000e+02; 0.000000e+00; 2.400000e+01; 2.400000e+01; 3.000000e+01; 3.000000e+01; 9.600000e+01; 4.600000e+01; 4.600000e+01; 5.600000e+01; 5.600000e+01; 5.600000e+01; 5.600000e+01; 7.600000e+01; 7.600000e+01; 4.000000e+01; 4.600000e+01; 4.600000e+01; 3.800000e+02; 3.800000e+02; 4.460000e+02; 4.460000e+02; 4.460000e+02; 
4.600000e+01; 2.200000e+01; 2.200000e+01; 2.200000e+01; 5.600000e+01; 5.600000e+01; 5.600000e+01; 5.600000e+01; 6.400000e+01; 6.400000e+01; 6.400000e+01; 6.400000e+01; 8.800000e+01; 8.800000e+01; 8.800000e+01; 1.120000e+02; 1.120000e+02; 1.120000e+02; 1.600000e+02; 1.600000e+02; 1.600000e+02; 4.800000e+01; 0.000000e+00; 0.000000e+00; 6.000000e+00; 1.000000e+01; 8.400000e+01; 2.200000e+01; 2.200000e+01; 5.600000e+01; 5.600000e+01; 6.400000e+01; 6.400000e+01; 8.800000e+01; 8.800000e+01; 1.600000e+01; 2.200000e+01; 2.600000e+01; 3.600000e+02; 3.600000e+02; 4.340000e+02; 4.340000e+02; 4.340000e+02; 
4.600000e+01; 2.200000e+01; 2.200000e+01; 2.200000e+01; 5.600000e+01; 5.600000e+01; 5.600000e+01; 5.600000e+01; 6.400000e+01; 6.400000e+01; 6.400000e+01; 6.400000e+01; 8.800000e+01; 8.800000e+01; 8.800000e+01; 1.120000e+02; 1.120000e+02; 1.120000e+02; 1.600000e+02; 1.600000e+02; 1.600000e+02; 4.800000e+01; 0.000000e+00; 0.000000e+00; 6.000000e+00; 1.000000e+01; 8.400000e+01; 2.200000e+01; 2.200000e+01; 5.600000e+01; 5.600000e+01; 6.400000e+01; 6.400000e+01; 8.800000e+01; 8.800000e+01; 1.600000e+01; 2.200000e+01; 2.600000e+01; 3.600000e+02; 3.600000e+02; 4.340000e+02; 4.340000e+02; 4.340000e+02; 
5.200000e+01; 1.600000e+01; 1.600000e+01; 1.600000e+01; 5.200000e+01; 2.200000e+01; 2.200000e+01; 2.200000e+01; 2.600000e+01; 2.600000e+01; 2.600000e+01; 2.600000e+01; 2.800000e+01; 2.800000e+01; 2.800000e+01; 3.200000e+01; 3.200000e+01; 3.200000e+01; 1.120000e+02; 1.120000e+02; 1.120000e+02; 4.800000e+01; 6.000000e+00; 6.000000e+00; 0.000000e+00; 6.000000e+00; 1.400000e+01; 1.600000e+01; 1.600000e+01; 2.200000e+01; 2.200000e+01; 2.600000e+01; 2.600000e+01; 2.800000e+01; 2.800000e+01; 2.200000e+01; 1.600000e+01; 2.200000e+01; 3.560000e+02; 3.560000e+02; 3.640000e+02; 3.640000e+02; 3.640000e+02; 
5.600000e+01; 2.200000e+01; 2.200000e+01; 2.200000e+01; 4.600000e+01; 2.200000e+01; 2.200000e+01; 2.200000e+01; 2.600000e+01; 2.600000e+01; 2.600000e+01; 2.600000e+01; 2.800000e+01; 2.800000e+01; 2.800000e+01; 3.200000e+01; 3.200000e+01; 3.200000e+01; 1.120000e+02; 1.120000e+02; 1.120000e+02; 4.800000e+01; 1.000000e+01; 1.000000e+01; 6.000000e+00; 0.000000e+00; 1.400000e+01; 2.200000e+01; 2.200000e+01; 2.200000e+01; 2.200000e+01; 2.600000e+01; 2.600000e+01; 2.800000e+01; 2.800000e+01; 2.600000e+01; 2.200000e+01; 1.600000e+01; 3.500000e+02; 3.500000e+02; 3.640000e+02; 3.640000e+02; 3.640000e+02; 
1.340000e+02; 3.000000e+01; 3.000000e+01; 3.000000e+01; 6.000000e+01; 2.600000e+01; 2.600000e+01; 2.600000e+01; 3.000000e+01; 3.000000e+01; 3.000000e+01; 3.000000e+01; 2.400000e+01; 2.400000e+01; 2.400000e+01; 2.200000e+01; 2.200000e+01; 2.200000e+01; 4.000000e+01; 4.000000e+01; 4.000000e+01; 1.440000e+02; 8.800000e+01; 8.800000e+01; 1.400000e+01; 1.400000e+01; 0.000000e+00; 3.000000e+01; 3.000000e+01; 2.600000e+01; 2.600000e+01; 3.000000e+01; 3.000000e+01; 2.400000e+01; 2.400000e+01; 1.040000e+02; 3.000000e+01; 3.000000e+01; 3.640000e+02; 3.640000e+02; 3.500000e+02; 3.500000e+02; 3.500000e+02; 
3.700000e+01; 1.000000e+00; 1.000000e+00; 1.000000e+00; 3.700000e+01; 7.000000e+00; 7.000000e+00; 7.000000e+00; 1.100000e+01; 1.100000e+01; 1.100000e+01; 1.100000e+01; 1.300000e+01; 1.300000e+01; 1.300000e+01; 1.700000e+01; 1.700000e+01; 1.700000e+01; 9.700000e+01; 9.700000e+01; 9.700000e+01; 6.400000e+01; 2.200000e+01; 2.200000e+01; 1.600000e+01; 2.200000e+01; 3.000000e+01; 0.000000e+00; 0.000000e+00; 6.000000e+00; 6.000000e+00; 1.000000e+01; 1.000000e+01; 1.200000e+01; 1.200000e+01; 1.400000e+01; 8.000000e+00; 1.400000e+01; 3.480000e+02; 3.480000e+02; 3.560000e+02; 3.560000e+02; 3.560000e+02; 
3.700000e+01; 1.000000e+00; 1.000000e+00; 1.000000e+00; 3.700000e+01; 7.000000e+00; 7.000000e+00; 7.000000e+00; 1.100000e+01; 1.100000e+01; 1.100000e+01; 1.100000e+01; 1.300000e+01; 1.300000e+01; 1.300000e+01; 1.700000e+01; 1.700000e+01; 1.700000e+01; 9.700000e+01; 9.700000e+01; 9.700000e+01; 6.400000e+01; 2.200000e+01; 2.200000e+01; 1.600000e+01; 2.200000e+01; 3.000000e+01; 0.000000e+00; 0.000000e+00; 6.000000e+00; 6.000000e+00; 1.000000e+01; 1.000000e+01; 1.200000e+01; 1.200000e+01; 1.400000e+01; 8.000000e+00; 1.400000e+01; 3.480000e+02; 3.480000e+02; 3.560000e+02; 3.560000e+02; 3.560000e+02; 
7.500000e+01; 7.000000e+00; 7.000000e+00; 7.000000e+00; 3.700000e+01; 1.000000e+00; 1.000000e+00; 1.000000e+00; 5.000000e+00; 5.000000e+00; 5.000000e+00; 5.000000e+00; 7.000000e+00; 7.000000e+00; 7.000000e+00; 1.300000e+01; 1.300000e+01; 1.300000e+01; 2.500000e+01; 2.500000e+01; 2.500000e+01; 1.120000e+02; 6.000000e+01; 6.000000e+01; 2.200000e+01; 2.200000e+01; 2.600000e+01; 6.000000e+00; 6.000000e+00; 0.000000e+00; 0.000000e+00; 4.000000e+00; 4.000000e+00; 6.000000e+00; 6.000000e+00; 5.200000e+01; 1.400000e+01; 1.400000e+01; 3.480000e+02; 3.480000e+02; 3.520000e+02; 3.520000e+02; 3.520000e+02; 
7.500000e+01; 7.000000e+00; 7.000000e+00; 7.000000e+00; 3.700000e+01; 1.000000e+00; 1.000000e+00; 1.000000e+00; 5.000000e+00; 5.000000e+00; 5.000000e+00; 5.000000e+00; 7.000000e+00; 7.000000e+00; 7.000000e+00; 1.300000e+01; 1.300000e+01; 1.300000e+01; 2.500000e+01; 2.500000e+01; 2.500000e+01; 1.120000e+02; 6.000000e+01; 6.000000e+01; 2.200000e+01; 2.200000e+01; 2.600000e+01; 6.000000e+00; 6.000000e+00; 0.000000e+00; 0.000000e+00; 4.000000e+00; 4.000000e+00; 6.000000e+00; 6.000000e+00; 5.200000e+01; 1.400000e+01; 1.400000e+01; 3.480000e+02; 3.480000e+02; 3.520000e+02; 3.520000e+02; 3.520000e+02; 
8.300000e+01; 1.100000e+01; 1.100000e+01; 1.100000e+01; 4.100000e+01; 5.000000e+00; 5.000000e+00; 5.000000e+00; 1.000000e+00; 1.000000e+00; 1.000000e+00; 1.000000e+00; 1.300000e+01; 1.300000e+01; 1.300000e+01; 1.700000e+01; 1.700000e+01; 1.700000e+01; 2.500000e+01; 2.500000e+01; 2.500000e+01; 1.120000e+02; 6.800000e+01; 6.800000e+01; 2.600000e+01; 2.600000e+01; 3.000000e+01; 1.000000e+01; 1.000000e+01; 4.000000e+00; 4.000000e+00; 0.000000e+00; 0.000000e+00; 1.200000e+01; 1.200000e+01; 6.000000e+01; 1.800000e+01; 1.800000e+01; 3.520000e+02; 3.520000e+02; 3.560000e+02; 3.560000e+02; 3.560000e+02; 
8.300000e+01; 1.100000e+01; 1.100000e+01; 1.100000e+01; 4.100000e+01; 5.000000e+00; 5.000000e+00; 5.000000e+00; 1.000000e+00; 1.000000e+00; 1.000000e+00; 1.000000e+00; 1.300000e+01; 1.300000e+01; 1.300000e+01; 1.700000e+01; 1.700000e+01; 1.700000e+01; 2.500000e+01; 2.500000e+01; 2.500000e+01; 1.120000e+02; 6.800000e+01; 6.800000e+01; 2.600000e+01; 2.600000e+01; 3.000000e+01; 1.000000e+01; 1.000000e+01; 4.000000e+00; 4.000000e+00; 0.000000e+00; 0.000000e+00; 1.200000e+01; 1.200000e+01; 6.000000e+01; 1.800000e+01; 1.800000e+01; 3.520000e+02; 3.520000e+02; 3.560000e+02; 3.560000e+02; 3.560000e+02; 
1.070000e+02; 1.300000e+01; 1.300000e+01; 1.300000e+01; 4.300000e+01; 7.000000e+00; 7.000000e+00; 7.000000e+00; 7.000000e+00; 7.000000e+00; 7.000000e+00; 7.000000e+00; 1.000000e+00; 1.000000e+00; 1.000000e+00; 1.300000e+01; 1.300000e+01; 1.300000e+01; 2.500000e+01; 2.500000e+01; 2.500000e+01; 1.240000e+02; 9.200000e+01; 9.200000e+01; 2.800000e+01; 2.800000e+01; 2.400000e+01; 1.200000e+01; 1.200000e+01; 6.000000e+00; 6.000000e+00; 6.000000e+00; 6.000000e+00; 0.000000e+00; 0.000000e+00; 8.400000e+01; 2.000000e+01; 2.000000e+01; 3.540000e+02; 3.540000e+02; 3.500000e+02; 3.500000e+02; 3.500000e+02; 
1.070000e+02; 1.300000e+01; 1.300000e+01; 1.300000e+01; 4.300000e+01; 7.000000e+00; 7.000000e+00; 7.000000e+00; 7.000000e+00; 7.000000e+00; 7.000000e+00; 7.000000e+00; 1.000000e+00; 1.000000e+00; 1.000000e+00; 1.300000e+01; 1.300000e+01; 1.300000e+01; 2.500000e+01; 2.500000e+01; 2.500000e+01; 1.240000e+02; 9.200000e+01; 9.200000e+01; 2.800000e+01; 2.800000e+01; 2.400000e+01; 1.200000e+01; 1.200000e+01; 6.000000e+00; 6.000000e+00; 6.000000e+00; 6.000000e+00; 0.000000e+00; 0.000000e+00; 8.400000e+01; 2.000000e+01; 2.000000e+01; 3.540000e+02; 3.540000e+02; 3.500000e+02; 3.500000e+02; 3.500000e+02; 
3.100000e+01; 7.000000e+00; 7.000000e+00; 7.000000e+00; 4.100000e+01; 4.100000e+01; 4.100000e+01; 4.100000e+01; 4.900000e+01; 4.900000e+01; 4.900000e+01; 4.900000e+01; 7.300000e+01; 7.300000e+01; 7.300000e+01; 9.700000e+01; 9.700000e+01; 9.700000e+01; 1.450000e+02; 1.450000e+02; 1.450000e+02; 6.400000e+01; 1.600000e+01; 1.600000e+01; 2.200000e+01; 2.600000e+01; 1.000000e+02; 1.400000e+01; 1.400000e+01; 4.800000e+01; 4.800000e+01; 5.600000e+01; 5.600000e+01; 8.000000e+01; 8.000000e+01; 0.000000e+00; 6.000000e+00; 1.000000e+01; 3.520000e+02; 3.520000e+02; 4.260000e+02; 4.260000e+02; 4.260000e+02; 
3.700000e+01; 1.000000e+00; 1.000000e+00; 1.000000e+00; 3.700000e+01; 7.000000e+00; 7.000000e+00; 7.000000e+00; 1.100000e+01; 1.100000e+01; 1.100000e+01; 1.100000e+01; 1.300000e+01; 1.300000e+01; 1.300000e+01; 1.700000e+01; 1.700000e+01; 1.700000e+01; 9.700000e+01; 9.700000e+01; 9.700000e+01; 6.400000e+01; 2.200000e+01; 2.200000e+01; 1.600000e+01; 2.200000e+01; 3.000000e+01; 8.000000e+00; 8.000000e+00; 1.400000e+01; 1.400000e+01; 1.800000e+01; 1.800000e+01; 2.000000e+01; 2.000000e+01; 6.000000e+00; 0.000000e+00; 6.000000e+00; 3.480000e+02; 3.480000e+02; 3.560000e+02; 3.560000e+02; 3.560000e+02; 
4.100000e+01; 7.000000e+00; 7.000000e+00; 7.000000e+00; 3.100000e+01; 7.000000e+00; 7.000000e+00; 7.000000e+00; 1.100000e+01; 1.100000e+01; 1.100000e+01; 1.100000e+01; 1.300000e+01; 1.300000e+01; 1.300000e+01; 1.700000e+01; 1.700000e+01; 1.700000e+01; 9.700000e+01; 9.700000e+01; 9.700000e+01; 6.400000e+01; 2.600000e+01; 2.600000e+01; 2.200000e+01; 1.600000e+01; 3.000000e+01; 1.400000e+01; 1.400000e+01; 1.400000e+01; 1.400000e+01; 1.800000e+01; 1.800000e+01; 2.000000e+01; 2.000000e+01; 1.000000e+01; 6.000000e+00; 0.000000e+00; 3.420000e+02; 3.420000e+02; 3.560000e+02; 3.560000e+02; 3.560000e+02; 
5.048000e+03; 5.014000e+03; 5.014000e+03; 5.014000e+03; 5.038000e+03; 5.014000e+03; 5.014000e+03; 5.014000e+03; 5.018000e+03; 5.018000e+03; 5.018000e+03; 5.018000e+03; 5.020000e+03; 5.020000e+03; 5.020000e+03; 5.024000e+03; 5.024000e+03; 5.024000e+03; 5.104000e+03; 5.104000e+03; 5.104000e+03; 5.064000e+03; 5.026000e+03; 5.026000e+03; 5.022000e+03; 5.016000e+03; 5.030000e+03; 5.014000e+03; 5.014000e+03; 5.014000e+03; 5.014000e+03; 5.018000e+03; 5.018000e+03; 5.020000e+03; 5.020000e+03; 5.018000e+03; 5.014000e+03; 5.008000e+03; 0.000000e+00; 0.000000e+00; 1.400000e+01; 1.400000e+01; 1.400000e+01; 
5.048000e+03; 5.014000e+03; 5.014000e+03; 5.014000e+03; 5.038000e+03; 5.014000e+03; 5.014000e+03; 5.014000e+03; 5.018000e+03; 5.018000e+03; 5.018000e+03; 5.018000e+03; 5.020000e+03; 5.020000e+03; 5.020000e+03; 5.024000e+03; 5.024000e+03; 5.024000e+03; 5.104000e+03; 5.104000e+03; 5.104000e+03; 5.064000e+03; 5.026000e+03; 5.026000e+03; 5.022000e+03; 5.016000e+03; 5.030000e+03; 5.014000e+03; 5.014000e+03; 5.014000e+03; 5.014000e+03; 5.018000e+03; 5.018000e+03; 5.020000e+03; 5.020000e+03; 5.018000e+03; 5.014000e+03; 5.008000e+03; 0.000000e+00; 0.000000e+00; 1.400000e+01; 1.400000e+01; 1.400000e+01; 
5.126000e+03; 5.022000e+03; 5.022000e+03; 5.022000e+03; 5.052000e+03; 5.018000e+03; 5.018000e+03; 5.018000e+03; 5.022000e+03; 5.022000e+03; 5.022000e+03; 5.022000e+03; 5.016000e+03; 5.016000e+03; 5.016000e+03; 5.014000e+03; 5.014000e+03; 5.014000e+03; 5.032000e+03; 5.032000e+03; 5.032000e+03; 5.160000e+03; 5.104000e+03; 5.104000e+03; 5.030000e+03; 5.030000e+03; 5.016000e+03; 5.022000e+03; 5.022000e+03; 5.018000e+03; 5.018000e+03; 5.022000e+03; 5.022000e+03; 5.016000e+03; 5.016000e+03; 5.096000e+03; 5.022000e+03; 5.022000e+03; 1.400000e+01; 1.400000e+01; 0.000000e+00; 0.000000e+00; 0.000000e+00; 
5.126000e+03; 5.022000e+03; 5.022000e+03; 5.022000e+03; 5.052000e+03; 5.018000e+03; 5.018000e+03; 5.018000e+03; 5.022000e+03; 5.022000e+03; 5.022000e+03; 5.022000e+03; 5.016000e+03; 5.016000e+03; 5.016000e+03; 5.014000e+03; 5.014000e+03; 5.014000e+03; 5.032000e+03; 5.032000e+03; 5.032000e+03; 5.160000e+03; 5.104000e+03; 5.104000e+03; 5.030000e+03; 5.030000e+03; 5.016000e+03; 5.022000e+03; 5.022000e+03; 5.018000e+03; 5.018000e+03; 5.022000e+03; 5.022000e+03; 5.016000e+03; 5.016000e+03; 5.096000e+03; 5.022000e+03; 5.022000e+03; 1.400000e+01; 1.400000e+01; 0.000000e+00; 0.000000e+00; 0.000000e+00; 
5.126000e+03; 5.022000e+03; 5.022000e+03; 5.022000e+03; 5.052000e+03; 5.018000e+03; 5.018000e+03; 5.018000e+03; 5.022000e+03; 5.022000e+03; 5.022000e+03; 5.022000e+03; 5.016000e+03; 5.016000e+03; 5.016000e+03; 5.014000e+03; 5.014000e+03; 5.014000e+03; 5.032000e+03; 5.032000e+03; 5.032000e+03; 5.160000e+03; 5.104000e+03; 5.104000e+03; 5.030000e+03; 5.030000e+03; 5.016000e+03; 5.022000e+03; 5.022000e+03; 5.018000e+03; 5.018000e+03; 5.022000e+03; 5.022000e+03; 5.016000e+03; 5.016000e+03; 5.096000e+03; 5.022000e+03; 5.022000e+03; 1.400000e+01; 1.400000e+01; 0.000000e+00; 0.000000e+00; 0.000000e+00; 
Recursion step 1:
Costs:
0.000000e+00; 2.600000e+01; 2.600000e+01; 2.600000e+01; 2.100000e+01; 3.000000e+01; 3.200000e+01; 3.600000e+01; 1.160000e+02; 3.600000e+01; 3.600000e+01; 2.700000e+01; 2.700000e+01; 3.100000e+01; 3.300000e+01; 3.620000e+02; 3.760000e+02; 
3.600000e+01; 0.000000e+00; 0.000000e+00; 6.000000e+00; 6.000000e+00; 1.000000e+01; 1.200000e+01; 1.600000e+01; 9.600000e+01; 2.200000e+01; 1.600000e+01; 1.000000e+00; 7.000000e+00; 1.100000e+01; 1.300000e+01; 3.480000e+02; 3.560000e+02; 
3.600000e+01; 0.000000e+00; 0.000000e+00; 6.000000e+00; 6.000000e+00; 1.000000e+01; 1.200000e+01; 1.600000e+01; 9.600000e+01; 2.200000e+01; 1.600000e+01; 1.000000e+00; 7.000000e+00; 1.100000e+01; 1.300000e+01; 3.480000e+02; 3.560000e+02; 
3.600000e+01; 6.000000e+00; 6.000000e+00; 0.000000e+00; 0.000000e+00; 4.000000e+00; 6.000000e+00; 1.200000e+01; 2.400000e+01; 6.000000e+01; 2.200000e+01; 7.000000e+00; 1.000000e+00; 5.000000e+00; 7.000000e+00; 3.480000e+02; 3.520000e+02; 
0.000000e+00; 0.000000e+00; 0.000000e+00; 0.000000e+00; 0.000000e+00; 0.000000e+00; 0.000000e+00; 0.000000e+00; 0.000000e+00; 0.000000e+00; 0.000000e+00; 0.000000e+00; 0.000000e+00; 0.000000e+00; 0.000000e+00; 0.000000e+00; 0.000000e+00; 
4.000000e+01; 1.000000e+01; 1.000000e+01; 4.000000e+00; 4.000000e+00; 0.000000e+00; 1.200000e+01; 1.600000e+01; 2.400000e+01; 6.800000e+01; 2.600000e+01; 1.100000e+01; 5.000000e+00; 1.000000e+00; 1.300000e+01; 3.520000e+02; 3.560000e+02; 
4.200000e+01; 1.200000e+01; 1.200000e+01; 6.000000e+00; 6.000000e+00; 6.000000e+00; 0.000000e+00; 1.200000e+01; 2.400000e+01; 9.200000e+01; 2.400000e+01; 1.300000e+01; 7.000000e+00; 7.000000e+00; 1.000000e+00; 3.540000e+02; 3.500000e+02; 
4.600000e+01; 1.600000e+01; 1.600000e+01; 1.200000e+01; 1.200000e+01; 1.600000e+01; 1.200000e+01; 0.000000e+00; 1.200000e+01; 1.160000e+02; 2.800000e+01; 1.700000e+01; 1.300000e+01; 1.700000e+01; 1.300000e+01; 3.580000e+02; 3.540000e+02; 
1.260000e+02; 9.600000e+01; 9.600000e+01; 2.400000e+01; 2.400000e+01; 2.400000e+01; 2.400000e+01; 1.200000e+01; 0.000000e+00; 1.640000e+02; 4.000000e+01; 9.700000e+01; 2.500000e+01; 2.500000e+01; 2.500000e+01; 4.380000e+02; 3.660000e+02; 
4.600000e+01; 2.200000e+01; 2.200000e+01; 5.600000e+01; 1.600000e+01; 6.400000e+01; 8.800000e+01; 1.120000e+02; 1.600000e+02; 0.000000e+00; 6.000000e+00; 2.200000e+01; 5.600000e+01; 6.400000e+01; 8.800000e+01; 3.600000e+02; 4.340000e+02; 
4.600000e+01; 1.600000e+01; 1.600000e+01; 2.200000e+01; 1.600000e+01; 2.600000e+01; 2.400000e+01; 2.200000e+01; 4.000000e+01; 6.000000e+00; 0.000000e+00; 1.600000e+01; 2.200000e+01; 2.600000e+01; 2.400000e+01; 3.500000e+02; 3.500000e+02; 
3.700000e+01; 1.000000e+00; 1.000000e+00; 7.000000e+00; 7.000000e+00; 1.100000e+01; 1.300000e+01; 1.700000e+01; 9.700000e+01; 2.200000e+01; 1.600000e+01; 0.000000e+00; 6.000000e+00; 1.000000e+01; 1.200000e+01; 3.480000e+02; 3.560000e+02; 
3.700000e+01; 7.000000e+00; 7.000000e+00; 1.000000e+00; 1.000000e+00; 5.000000e+00; 7.000000e+00; 1.300000e+01; 2.500000e+01; 6.000000e+01; 2.200000e+01; 6.000000e+00; 0.000000e+00; 4.000000e+00; 6.000000e+00; 3.480000e+02; 3.520000e+02; 
4.100000e+01; 1.100000e+01; 1.100000e+01; 5.000000e+00; 5.000000e+00; 1.000000e+00; 1.300000e+01; 1.700000e+01; 2.500000e+01; 6.800000e+01; 2.600000e+01; 1.000000e+01; 4.000000e+00; 0.000000e+00; 1.200000e+01; 3.520000e+02; 3.560000e+02; 
4.300000e+01; 1.300000e+01; 1.300000e+01; 7.000000e+00; 7.000000e+00; 7.000000e+00; 1.000000e+00; 1.300000e+01; 2.500000e+01; 9.200000e+01; 2.400000e+01; 1.200000e+01; 6.000000e+00; 6.000000e+00; 0.000000e+00; 3.540000e+02; 3.500000e+02; 
5.038000e+03; 5.014000e+03; 5.014000e+03; 5.014000e+03; 5.008000e+03; 5.018000e+03; 5.020000e+03; 5.024000e+03; 5.104000e+03; 5.026000e+03; 5.016000e+03; 5.014000e+03; 5.014000e+03; 5.018000e+03; 5.020000e+03; 0.000000e+00; 1.400000e+01; 
5.052000e+03; 5.022000e+03; 5.022000e+03; 5.018000e+03; 5.018000e+03; 5.022000e+03; 5.016000e+03; 5.014000e+03; 5.032000e+03; 5.104000e+03; 5.016000e+03; 5.022000e+03; 5.018000e+03; 5.022000e+03; 5.016000e+03; 1.400000e+01; 0.000000e+00; 
