464358084
460065894
472548169
467572900
455904187
459921353
455953015
460151172
459846020
460025400
464006620
456029983
456053340
459904566
455931795
460012490
459987771
464159754
455856152
460384083
455702988
459907946
456100766
460022091
455953952
456034678
459937215
463973863
459970074
456027355
459968021
460032191
456048290
459921499
463402561
456726209
459894891
463996638
455978260
456027605
464046312
459954498
459989504
463989219
456094233
459953851
456126768
459850354
455977842
456308144
459707089
460031198
455967780
460004430
459926644
456064162
459948962
460061485
459959225
456039389
464015556
455983375
455978003
460029773
