487904720
460040197
475691856
476303949
510783263
482367313
476106558
486937611
503954920
459848488
455991971
463999126
455991729
476004012
460043814
464360406
464073737
476106763
471450626
460878457
471059238
456028134
471984460
456033958
459959054
456627198
463023593
480743912
488679558
530960015
492996525
463352833
459607699
459974224
460255394
467758791
460896197
455083733
464965425
471035167
460029819
459952297
456448178
463577710
459987453
459946449
464049680
464501031
466850257
464646813
459983575
456003923
460779283
459211312
460680157
455327573
460020147
455953133
459997028
460048340
455978638
459994899
452567036
464052741
