Recursion step 0:
Partitions:
0; 548; 
1; 2; 
3; 4; 
5; 7; 6; 
8; 9; 
10; 11; 12; 
13; 61; 
14; 16; 
15; 630; 
17; 18; 
19; 20; 
21; 22; 
23; 25; 
24; 26; 
27; 30; 31; 
28; 29; 
32; 33; 
34; 35; 
36; 39; 
37; 38; 
40; 41; 
42; 46; 
43; 44; 
45; 47; 
48; 49; 
50; 51; 56; 
52; 53; 
54; 55; 
57; 58; 
59; 60; 
62; 63; 
64; 65; 
66; 67; 68; 
69; 70; 
71; 72; 
73; 76; 
74; 77; 
75; 78; 
79; 82; 83; 
80; 85; 81; 
84; 88; 
86; 87; 
89; 92; 
90; 93; 
91; 94; 
95; 96; 
97; 98; 
99; 101; 100; 
102; 103; 
104; 105; 
106; 110; 111; 107; 
108; 109; 
112; 113; 
114; 115; 116; 120; 124; 125; 129; 133; 137; 141; 145; 144; 148; 149; 153; 152; 156; 160; 159; 163; 167; 171; 175; 174; 170; 166; 162; 158; 154; 155; 151; 150; 146; 142; 138; 134; 130; 126; 122; 118; 
117; 121; 
119; 123; 
127; 128; 
131; 132; 136; 135; 
139; 140; 
143; 147; 
157; 161; 
164; 165; 
168; 169; 
172; 173; 
176; 180; 
177; 181; 
178; 182; 
179; 183; 
184; 185; 
186; 187; 
188; 189; 
190; 191; 
192; 193; 197; 201; 200; 196; 
194; 195; 199; 198; 
202; 203; 
204; 205; 
206; 210; 
207; 211; 
208; 212; 216; 217; 213; 209; 
214; 215; 219; 220; 221; 225; 229; 228; 227; 231; 230; 226; 222; 218; 
223; 224; 
232; 236; 
233; 237; 
234; 235; 239; 238; 
240; 241; 245; 249; 253; 252; 248; 244; 
242; 246; 
243; 247; 
250; 251; 
254; 255; 259; 258; 
256; 257; 
260; 264; 265; 261; 
262; 263; 
266; 267; 271; 275; 276; 277; 281; 280; 279; 278; 274; 270; 
268; 272; 273; 269; 
282; 286; 
283; 287; 288; 284; 
285; 289; 
290; 291; 292; 293; 297; 296; 295; 294; 
298; 299; 303; 307; 306; 302; 
300; 304; 305; 301; 
308; 309; 313; 312; 
310; 311; 315; 319; 318; 314; 
316; 317; 321; 320; 
322; 323; 327; 331; 335; 336; 332; 333; 337; 341; 345; 344; 340; 339; 338; 334; 330; 326; 
324; 325; 329; 328; 
342; 343; 347; 346; 
348; 349; 353; 357; 356; 355; 354; 350; 351; 352; 
358; 359; 
360; 361; 
362; 363; 364; 368; 367; 366; 
365; 369; 
370; 371; 
372; 376; 
373; 377; 
374; 375; 
378; 379; 
380; 384; 385; 381; 
382; 383; 387; 391; 390; 386; 
388; 389; 
392; 393; 
394; 398; 402; 406; 410; 414; 418; 419; 415; 411; 407; 403; 404; 400; 399; 395; 
396; 397; 
401; 405; 
408; 409; 
412; 413; 
416; 417; 421; 425; 424; 420; 
422; 426; 430; 431; 432; 433; 429; 428; 427; 423; 
434; 438; 
435; 436; 440; 444; 443; 439; 
437; 441; 
442; 446; 
445; 449; 
447; 448; 
450; 451; 
452; 453; 457; 461; 460; 456; 
454; 458; 462; 463; 459; 455; 
464; 465; 469; 473; 477; 481; 480; 479; 483; 487; 486; 482; 478; 474; 475; 476; 472; 468; 
466; 470; 471; 467; 
484; 485; 
488; 489; 
490; 491; 
492; 520; 
493; 494; 
495; 521; 496; 
497; 522; 
498; 523; 
499; 524; 500; 
501; 502; 
503; 539; 
504; 559; 
505; 506; 
507; 526; 
508; 509; 
510; 527; 511; 
512; 528; 
513; 529; 514; 
515; 530; 
516; 517; 
518; 547; 
519; 571; 
525; 538; 
531; 546; 
532; 549; 533; 
534; 550; 
535; 551; 
536; 557; 556; 
537; 558; 
540; 560; 
541; 561; 
542; 562; 
543; 563; 
544; 569; 568; 
545; 570; 
552; 553; 
554; 555; 
564; 565; 
566; 567; 
572; 573; 
574; 602; 
575; 576; 
577; 603; 578; 
579; 604; 
580; 605; 
581; 606; 582; 
583; 584; 
585; 621; 
586; 641; 
587; 588; 
589; 608; 
590; 591; 
592; 593; 609; 
594; 610; 
595; 611; 
596; 597; 612; 
598; 599; 
600; 629; 
601; 653; 
607; 620; 
613; 628; 
614; 631; 615; 
616; 632; 
617; 633; 
618; 639; 638; 
619; 640; 
622; 642; 
623; 643; 
624; 644; 
625; 645; 
626; 651; 650; 
627; 652; 
634; 635; 
636; 637; 
646; 647; 
648; 649; 
Recursion step 1:
Partitions:
0; 140; 
1; 2; 
3; 4; 
5; 6; 
7; 29; 
8; 177; 
9; 24; 
10; 12; 13; 
11; 15; 
14; 16; 
17; 18; 
19; 20; 
21; 23; 22; 
25; 26; 
27; 28; 
30; 33; 34; 
31; 32; 
35; 39; 
36; 37; 
38; 40; 41; 
42; 44; 
43; 45; 
46; 47; 
48; 49; 
50; 51; 
52; 54; 
53; 59; 
55; 56; 
57; 58; 
60; 61; 
62; 63; 
64; 65; 
66; 67; 
68; 70; 
69; 71; 
72; 73; 
74; 77; 76; 
75; 78; 
79; 80; 
81; 82; 
83; 85; 87; 
84; 86; 
88; 91; 
89; 90; 
92; 93; 
94; 97; 
95; 96; 
98; 99; 100; 
101; 102; 
103; 104; 
105; 106; 
107; 109; 
108; 110; 
111; 114; 
112; 113; 
115; 117; 
116; 119; 118; 
120; 123; 
121; 122; 
124; 125; 
126; 127; 
128; 129; 
130; 133; 
131; 132; 
134; 135; 
136; 137; 
138; 139; 
141; 162; 
142; 163; 
143; 164; 
144; 173; 
145; 174; 
146; 165; 
147; 166; 160; 
148; 149; 
150; 167; 
151; 168; 
152; 169; 
153; 170; 
154; 175; 
155; 176; 
156; 171; 
157; 172; 161; 
158; 159; 
178; 199; 
179; 200; 
180; 201; 
181; 210; 
182; 211; 
183; 202; 
184; 197; 203; 
185; 186; 
187; 204; 
188; 205; 
189; 206; 
190; 207; 
191; 212; 
192; 213; 
193; 208; 
194; 198; 209; 
195; 196; 
Recursion step 2:
Partitions:
0; 67; 
1; 22; 
2; 3; 
4; 6; 
5; 84; 85; 
7; 8; 
9; 10; 
11; 12; 
13; 14; 
15; 16; 
17; 18; 19; 
20; 21; 
23; 39; 38; 
24; 74; 
25; 27; 
26; 28; 
29; 30; 
31; 32; 33; 
34; 35; 
36; 83; 37; 
40; 41; 
42; 43; 
44; 45; 46; 
47; 48; 
49; 50; 
51; 52; 
53; 54; 
55; 56; 
57; 58; 
59; 60; 
61; 63; 
62; 64; 
65; 66; 
68; 69; 
70; 71; 
72; 73; 
75; 76; 
77; 78; 
79; 80; 
81; 82; 
86; 87; 
88; 89; 
90; 91; 
92; 93; 94; 
95; 96; 
97; 98; 
99; 100; 
Recursion step 3:
Partitions:
0; 33; 
1; 16; 15; 
2; 9; 
3; 8; 
4; 40; 
5; 7; 6; 
10; 11; 
12; 19; 20; 
13; 14; 
17; 18; 
21; 22; 
23; 24; 
25; 26; 27; 
28; 29; 
30; 32; 31; 
34; 35; 
36; 37; 
38; 39; 
41; 42; 
43; 44; 
45; 46; 
Recursion step 4:
Partitions:
0; 15; 
1; 8; 9; 
2; 6; 
3; 5; 
4; 18; 
7; 10; 
11; 12; 
13; 14; 
16; 17; 
19; 20; 
Recursion step 5:
