Recursion step 0:
Partitions:
0; 441; 
1; 34; 33; 65; 66; 67; 35; 36; 68; 69; 37; 4; 3; 2; 
5; 38; 70; 71; 39; 6; 
7; 40; 72; 73; 74; 75; 43; 10; 9; 8; 
11; 44; 
12; 45; 
13; 14; 
15; 48; 
16; 17; 
18; 51; 
19; 52; 53; 85; 86; 54; 21; 20; 
22; 55; 
23; 56; 88; 89; 57; 24; 
25; 58; 
26; 59; 
27; 28; 
29; 30; 
31; 375; 
32; 376; 
41; 42; 
46; 47; 
49; 50; 
60; 61; 93; 92; 
62; 94; 
63; 64; 
76; 98; 
77; 78; 
79; 99; 
80; 81; 
82; 438; 
83; 84; 
87; 377; 
90; 91; 
95; 379; 378; 
96; 97; 
100; 435; 
101; 102; 
103; 114; 
104; 105; 
106; 117; 
107; 118; 
108; 119; 
109; 121; 
110; 122; 
111; 123; 
112; 382; 383; 
113; 125; 
115; 137; 
116; 127; 
120; 384; 
124; 134; 
126; 136; 
128; 140; 
129; 141; 
130; 142; 
131; 390; 143; 
132; 145; 
133; 146; 
135; 148; 
138; 139; 
144; 156; 
147; 159; 
149; 150; 161; 
151; 391; 
152; 162; 392; 
153; 164; 163; 
154; 165; 
155; 166; 
157; 168; 
158; 169; 
160; 171; 
167; 180; 
170; 183; 
172; 185; 
173; 395; 398; 
174; 186; 
175; 187; 
176; 188; 396; 
177; 397; 178; 
179; 191; 192; 
181; 196; 
182; 197; 
184; 399; 
189; 190; 
193; 204; 
194; 195; 
198; 209; 
199; 212; 
200; 201; 401; 213; 
202; 214; 
203; 215; 
205; 206; 
207; 217; 
208; 218; 
210; 402; 
211; 220; 228; 
216; 403; 
219; 225; 
221; 229; 
222; 230; 
223; 231; 
224; 232; 
226; 404; 
227; 406; 
233; 238; 237; 
234; 239; 
235; 262; 
236; 264; 
240; 241; 
242; 243; 
244; 245; 
246; 247; 
248; 414; 249; 
250; 251; 
252; 253; 
254; 255; 
256; 257; 
258; 259; 
260; 261; 
263; 415; 
265; 268; 
266; 270; 269; 
267; 419; 271; 
272; 275; 
273; 276; 
274; 436; 
277; 295; 
278; 280; 
279; 425; 439; 
281; 427; 
282; 283; 
284; 310; 
285; 286; 
287; 288; 
289; 290; 
291; 292; 
293; 294; 
296; 297; 298; 299; 300; 301; 302; 303; 328; 327; 326; 430; 363; 362; 361; 343; 360; 359; 429; 322; 
304; 329; 330; 305; 
306; 334; 333; 
307; 308; 
309; 338; 
311; 339; 
312; 313; 
314; 315; 
316; 317; 
318; 319; 
320; 321; 
323; 428; 
324; 325; 
331; 332; 
335; 426; 
336; 337; 
340; 341; 
342; 352; 
344; 366; 
345; 346; 
347; 432; 
348; 349; 
350; 351; 
353; 354; 
355; 433; 
356; 357; 
358; 434; 
364; 365; 
367; 368; 
369; 370; 431; 
371; 372; 
373; 374; 
380; 381; 
385; 440; 
386; 388; 
387; 389; 
393; 394; 
400; 405; 
407; 408; 
409; 410; 413; 
411; 412; 
416; 417; 
418; 421; 
420; 424; 423; 
422; 437; 
Recursion step 1:
Partitions:
0; 36; 
1; 2; 
3; 19; 
4; 5; 
6; 20; 
7; 21; 
8; 9; 
10; 31; 
11; 12; 
13; 32; 35; 22; 15; 14; 
16; 23; 33; 34; 24; 
17; 18; 
25; 26; 
27; 28; 
29; 30; 
37; 170; 
38; 48; 
39; 52; 
40; 53; 
41; 169; 
42; 49; 
43; 44; 
45; 50; 
46; 58; 
47; 63; 
51; 171; 
54; 172; 
55; 60; 
56; 68; 
57; 69; 
59; 64; 
61; 72; 
62; 73; 74; 
65; 77; 
66; 78; 
67; 173; 
70; 82; 
71; 84; 
75; 94; 
76; 87; 
79; 90; 
80; 85; 
81; 93; 
83; 89; 
86; 97; 
88; 99; 
91; 92; 
95; 98; 
96; 175; 101; 100; 114; 115; 116; 117; 177; 
102; 104; 
103; 174; 
105; 108; 
106; 119; 
107; 176; 
109; 110; 
111; 112; 
113; 178; 
118; 179; 
120; 121; 
122; 181; 
123; 127; 
124; 128; 
125; 139; 
126; 147; 
129; 153; 
130; 141; 
131; 132; 
133; 180; 
134; 144; 
135; 145; 
136; 146; 
137; 149; 148; 
138; 150; 
140; 156; 
142; 143; 
151; 152; 
154; 159; 
155; 164; 
157; 158; 
160; 161; 
162; 163; 
165; 166; 
167; 168; 
Recursion step 2:
Partitions:
0; 1; 
2; 12; 3; 
4; 13; 
5; 6; 
7; 8; 
9; 21; 
10; 11; 
14; 19; 
15; 23; 
16; 17; 
18; 26; 
20; 27; 
22; 31; 
24; 25; 
28; 29; 
30; 33; 
32; 36; 
34; 35; 
37; 41; 46; 
38; 39; 
40; 48; 
42; 44; 
43; 45; 
47; 54; 
49; 50; 
51; 58; 
52; 57; 
53; 59; 
55; 56; 
60; 61; 
62; 72; 
63; 71; 
64; 73; 
65; 78; 76; 74; 66; 
67; 68; 
69; 79; 
70; 80; 
75; 82; 
77; 81; 
Recursion step 3:
Partitions:
0; 8; 
1; 3; 2; 
4; 7; 
5; 6; 
9; 15; 
10; 11; 
12; 21; 
13; 16; 
14; 18; 
17; 20; 
19; 23; 
22; 28; 
24; 25; 
26; 27; 
29; 32; 
30; 37; 
31; 38; 
33; 34; 
35; 36; 
Recursion step 4:
Partitions:
0; 7; 
1; 4; 
2; 5; 
3; 8; 6; 
9; 11; 
10; 12; 
13; 15; 
14; 17; 
16; 18; 
Recursion step 5:
