Recursion step 0:
Partitions:
0; 1; 
2; 4; 
3; 5; 
6; 8; 7; 
9; 13; 
10; 11; 
12; 14; 
15; 16; 
17; 20; 
18; 19; 
21; 22; 
23; 24; 
25; 28; 
26; 27; 
29; 30; 
31; 32; 
33; 34; 
35; 36; 
37; 38; 
39; 50; 49; 
40; 48; 41; 
42; 43; 
44; 312; 
45; 47; 46; 
51; 52; 
53; 56; 
54; 55; 
57; 59; 58; 
60; 64; 
61; 63; 62; 
65; 66; 
67; 71; 
68; 69; 
70; 72; 
73; 75; 74; 
76; 92; 
77; 78; 
79; 80; 
81; 87; 
82; 83; 
84; 85; 
86; 88; 
89; 90; 91; 
93; 94; 
95; 96; 
97; 98; 
99; 100; 101; 
102; 103; 
104; 105; 
106; 993; 
107; 108; 
109; 111; 
110; 112; 
113; 114; 
115; 116; 
117; 118; 
119; 120; 
121; 125; 
122; 123; 
124; 126; 
127; 128; 
129; 131; 130; 
132; 133; 
134; 135; 
136; 137; 
138; 140; 139; 
141; 142; 
143; 148; 
144; 145; 
146; 147; 
149; 994; 
150; 151; 
152; 153; 
154; 164; 
155; 163; 
156; 157; 
158; 184; 
159; 160; 
161; 162; 
165; 166; 
167; 168; 
169; 170; 171; 
172; 173; 178; 
174; 175; 
176; 177; 
179; 180; 
181; 995; 
182; 183; 
185; 240; 
186; 194; 
187; 188; 
189; 190; 
191; 192; 
193; 196; 
195; 201; 
197; 200; 
198; 199; 
202; 203; 
204; 205; 
206; 207; 
208; 209; 
210; 216; 211; 
212; 215; 
213; 214; 
217; 218; 
219; 220; 
221; 222; 
223; 224; 
225; 226; 
227; 228; 
229; 231; 230; 
232; 234; 233; 
235; 236; 
237; 238; 
239; 241; 
242; 243; 
244; 245; 
246; 247; 
248; 249; 
250; 251; 
252; 253; 
254; 256; 255; 
257; 258; 
259; 269; 
260; 261; 
262; 263; 
264; 265; 266; 
267; 268; 
270; 271; 
272; 273; 
274; 275; 
276; 279; 
277; 278; 
280; 281; 
282; 283; 
284; 285; 
286; 287; 
288; 289; 
290; 291; 
292; 293; 
294; 295; 
296; 297; 990; 
298; 299; 
300; 301; 
302; 303; 
304; 305; 
306; 307; 
308; 309; 
310; 311; 
313; 330; 
314; 315; 
316; 318; 317; 
319; 322; 
320; 321; 
323; 325; 324; 
326; 327; 
328; 329; 
331; 333; 332; 
334; 335; 336; 
337; 341; 
338; 339; 
340; 342; 
343; 344; 
345; 348; 
346; 347; 
349; 350; 
351; 352; 
353; 356; 
354; 355; 
357; 358; 
359; 360; 
361; 362; 
363; 364; 
365; 366; 
367; 378; 377; 
368; 376; 369; 
370; 371; 
372; 640; 
373; 374; 375; 
379; 380; 
381; 384; 
382; 383; 
385; 386; 387; 
388; 392; 
389; 391; 390; 
393; 394; 
395; 399; 
396; 397; 
398; 400; 
401; 402; 403; 
404; 420; 
405; 406; 
407; 408; 
409; 415; 
410; 411; 
412; 413; 
414; 416; 
417; 419; 418; 
421; 422; 
423; 424; 
425; 426; 
427; 429; 428; 
430; 431; 
432; 433; 
434; 996; 
435; 436; 
437; 438; 
439; 440; 
441; 442; 
443; 445; 446; 444; 
447; 448; 
449; 453; 
450; 451; 
452; 454; 
455; 456; 
457; 459; 458; 
460; 461; 
462; 463; 
464; 465; 
466; 467; 468; 
469; 470; 
471; 476; 
472; 473; 
474; 475; 
477; 997; 
478; 479; 
480; 481; 
482; 492; 
483; 491; 
484; 485; 
486; 512; 
487; 488; 
489; 490; 
493; 494; 
495; 496; 
497; 499; 498; 
500; 501; 506; 
502; 503; 
504; 505; 
507; 508; 
509; 998; 
510; 511; 
513; 568; 
514; 522; 
515; 516; 
517; 518; 
519; 520; 
521; 524; 
523; 529; 
525; 528; 
526; 527; 
530; 531; 
532; 533; 
534; 535; 
536; 537; 
538; 539; 544; 
540; 543; 
541; 542; 
545; 546; 
547; 548; 
549; 550; 
551; 552; 
553; 554; 
555; 556; 
557; 558; 559; 
560; 562; 561; 
563; 564; 
565; 566; 
567; 569; 
570; 571; 
572; 573; 
574; 575; 
576; 577; 
578; 579; 
580; 581; 
582; 584; 583; 
585; 586; 
587; 597; 
588; 589; 
590; 591; 
592; 594; 593; 
595; 596; 
598; 599; 
600; 601; 
602; 603; 
604; 607; 
605; 606; 
608; 609; 
610; 611; 
612; 613; 
614; 615; 
616; 617; 
618; 619; 
620; 621; 
622; 623; 
624; 991; 625; 
626; 627; 
628; 629; 
630; 631; 
632; 633; 
634; 635; 
636; 637; 
638; 639; 
641; 658; 
642; 643; 
644; 646; 645; 
647; 650; 
648; 649; 
651; 653; 652; 
654; 655; 
656; 657; 
659; 661; 660; 
662; 663; 664; 
665; 669; 
666; 667; 
668; 670; 
671; 672; 
673; 676; 
674; 675; 
677; 678; 
679; 680; 
681; 684; 
682; 683; 
685; 686; 
687; 688; 
689; 690; 
691; 692; 
693; 694; 
695; 706; 705; 
696; 697; 704; 
698; 699; 
700; 968; 
701; 703; 702; 
707; 708; 
709; 712; 
710; 711; 
713; 715; 714; 
716; 720; 
717; 719; 718; 
721; 722; 
723; 727; 
724; 725; 
726; 728; 
729; 730; 731; 
732; 748; 
733; 734; 
735; 736; 
737; 743; 
738; 739; 
740; 741; 
742; 744; 
745; 747; 746; 
749; 750; 
751; 752; 
753; 754; 
755; 756; 757; 
758; 759; 
760; 761; 
762; 999; 
763; 764; 
765; 767; 
766; 768; 
769; 770; 
771; 772; 
773; 774; 
775; 776; 
777; 781; 
778; 779; 
780; 782; 
783; 784; 
785; 786; 787; 
788; 789; 
790; 791; 
792; 793; 
794; 796; 795; 
797; 798; 
799; 804; 
800; 801; 
802; 803; 
805; 1000; 
806; 807; 
808; 809; 
810; 820; 
811; 819; 
812; 813; 
814; 840; 
815; 816; 
817; 818; 
821; 822; 
823; 824; 
825; 826; 827; 
828; 829; 834; 
830; 831; 
832; 833; 
835; 836; 
837; 1001; 
838; 839; 
841; 896; 
842; 850; 
843; 844; 
845; 846; 
847; 848; 
849; 852; 
851; 857; 
853; 856; 
854; 855; 
858; 859; 
860; 861; 
862; 863; 
864; 865; 
866; 872; 867; 
868; 871; 
869; 870; 
873; 874; 
875; 876; 
877; 878; 
879; 880; 
881; 882; 
883; 884; 
885; 886; 887; 
888; 889; 890; 
891; 892; 
893; 894; 
895; 897; 
898; 899; 
900; 901; 
902; 903; 
904; 905; 
906; 907; 
908; 909; 
910; 911; 912; 
913; 914; 
915; 925; 
916; 917; 
918; 919; 
920; 921; 922; 
923; 924; 
926; 927; 
928; 929; 
930; 931; 
932; 935; 
933; 934; 
936; 937; 
938; 939; 
940; 941; 
942; 943; 
944; 945; 
946; 947; 
948; 949; 
950; 951; 
952; 953; 992; 
954; 955; 
956; 957; 
958; 959; 
960; 961; 
962; 963; 
964; 965; 
966; 967; 
969; 986; 
970; 971; 
972; 973; 974; 
975; 978; 
976; 977; 
979; 981; 980; 
982; 983; 
984; 985; 
987; 989; 988; 
Recursion step 1:
Partitions:
0; 2; 1; 
3; 5; 4; 
6; 7; 
8; 9; 
10; 11; 
12; 14; 
13; 157; 
15; 29; 
16; 18; 
17; 149; 
19; 20; 
21; 23; 
22; 148; 
24; 25; 
26; 30; 
27; 28; 
31; 32; 33; 
34; 36; 
35; 43; 44; 45; 42; 
37; 39; 38; 
40; 41; 
46; 60; 61; 
47; 48; 
49; 50; 
51; 52; 
53; 55; 54; 
56; 130; 
57; 59; 58; 
62; 63; 64; 
65; 66; 
67; 71; 
68; 69; 
70; 72; 
73; 74; 
75; 76; 
77; 78; 
79; 80; 
81; 82; 
83; 84; 
85; 87; 
86; 94; 
88; 114; 
89; 93; 
90; 92; 
91; 112; 113; 
95; 96; 
97; 98; 
99; 100; 
101; 104; 
102; 103; 
105; 111; 106; 
107; 108; 
109; 110; 
115; 119; 
116; 124; 127; 126; 125; 
117; 118; 
120; 121; 122; 
123; 128; 
129; 219; 
131; 132; 
133; 134; 
135; 142; 
136; 189; 
137; 138; 
139; 140; 
141; 145; 
143; 144; 
146; 147; 
150; 154; 
151; 153; 152; 
155; 156; 
158; 159; 160; 
161; 162; 
163; 164; 
165; 166; 
167; 169; 
168; 311; 
170; 184; 
171; 173; 
172; 303; 
174; 175; 
176; 178; 
177; 302; 
179; 180; 
181; 185; 
182; 183; 
186; 188; 187; 
190; 198; 199; 200; 197; 
191; 192; 
193; 194; 
195; 196; 
201; 214; 215; 
202; 203; 
204; 205; 
206; 207; 
208; 209; 
210; 284; 
211; 213; 212; 
216; 217; 218; 
220; 221; 225; 
222; 223; 
224; 226; 
227; 228; 
229; 230; 
231; 232; 
233; 234; 
235; 236; 
237; 238; 
239; 241; 
240; 248; 
242; 268; 
243; 247; 
244; 246; 
245; 267; 266; 
249; 250; 
251; 252; 
253; 254; 
255; 258; 
256; 257; 
259; 265; 260; 
261; 262; 
263; 264; 
269; 273; 
270; 279; 280; 281; 278; 
271; 272; 
274; 276; 275; 
277; 282; 
283; 374; 
285; 286; 
287; 288; 
289; 296; 
290; 343; 
291; 292; 
293; 294; 
295; 299; 
297; 298; 
300; 301; 
304; 308; 
305; 307; 306; 
309; 310; 
312; 314; 313; 
315; 316; 
317; 318; 
319; 320; 
321; 323; 
322; 466; 
324; 338; 
325; 327; 
326; 458; 
328; 329; 
330; 332; 
331; 457; 
333; 334; 
335; 339; 
336; 337; 
340; 342; 341; 
344; 351; 354; 353; 352; 
345; 346; 
347; 348; 
349; 350; 
355; 369; 370; 
356; 357; 
358; 359; 
360; 361; 
362; 363; 364; 
365; 366; 
367; 368; 
371; 373; 372; 
375; 376; 380; 
377; 378; 
379; 381; 
382; 383; 
384; 385; 
386; 387; 
388; 389; 
390; 391; 
392; 393; 
394; 396; 
395; 403; 
397; 423; 
398; 402; 
399; 401; 
400; 422; 421; 
404; 405; 
406; 407; 
408; 409; 
410; 413; 
411; 412; 
414; 420; 415; 
416; 417; 
418; 419; 
424; 428; 
425; 434; 435; 436; 433; 
426; 427; 
429; 431; 430; 
432; 437; 
438; 439; 
440; 441; 442; 
443; 451; 
444; 445; 
446; 447; 
448; 449; 
450; 454; 
452; 453; 
455; 456; 
459; 463; 
460; 462; 461; 
464; 465; 
Recursion step 2:
Partitions:
0; 16; 
1; 2; 
3; 5; 
4; 7; 
6; 9; 
8; 15; 14; 13; 10; 
11; 67; 
12; 69; 
17; 18; 
19; 20; 
21; 28; 
22; 27; 
23; 25; 24; 
26; 58; 
29; 31; 
30; 32; 
33; 36; 
34; 35; 
37; 38; 
39; 40; 
41; 44; 
42; 43; 
45; 47; 46; 
48; 49; 
50; 51; 
52; 54; 
53; 55; 
56; 57; 
59; 60; 
61; 62; 
63; 64; 
65; 66; 
68; 70; 
71; 72; 
73; 75; 
74; 77; 
76; 79; 
78; 85; 
80; 83; 
81; 136; 
82; 138; 
84; 86; 
87; 90; 
88; 89; 
91; 98; 
92; 97; 
93; 94; 95; 
96; 127; 
99; 101; 100; 
102; 105; 
103; 104; 
106; 107; 
108; 109; 
110; 113; 
111; 112; 
114; 116; 115; 
117; 118; 
119; 120; 
121; 123; 
122; 124; 
125; 126; 
128; 129; 
130; 131; 
132; 133; 
134; 135; 
137; 139; 
140; 141; 
142; 144; 
143; 146; 
145; 148; 
147; 154; 
149; 152; 
150; 204; 
151; 206; 
153; 155; 
156; 159; 
157; 158; 
160; 167; 
161; 166; 
162; 164; 
163; 203; 
165; 194; 
168; 169; 170; 
171; 174; 
172; 173; 
175; 176; 
177; 178; 
179; 182; 
180; 181; 
183; 184; 185; 
186; 187; 
188; 189; 
190; 192; 
191; 193; 
195; 196; 
197; 198; 
199; 202; 
200; 201; 
205; 207; 
Recursion step 3:
Partitions:
0; 1; 
2; 3; 5; 
4; 32; 
6; 7; 
8; 9; 
10; 14; 
11; 12; 
13; 27; 
15; 26; 
16; 17; 
18; 19; 
20; 21; 
22; 23; 
24; 25; 
28; 31; 
29; 30; 
33; 41; 
34; 35; 
36; 65; 
37; 38; 
39; 40; 
42; 43; 
44; 45; 
46; 64; 61; 
47; 60; 
48; 59; 
49; 50; 
51; 52; 
53; 54; 
55; 56; 
57; 58; 
62; 63; 
66; 74; 
67; 68; 
69; 98; 
70; 71; 
72; 73; 
75; 76; 
77; 78; 
79; 95; 80; 
81; 94; 
82; 93; 
83; 84; 
85; 86; 
87; 88; 
89; 90; 
91; 92; 
96; 97; 
Recursion step 4:
Partitions:
0; 1; 
2; 3; 
4; 5; 6; 
7; 13; 8; 
9; 10; 
11; 12; 
14; 15; 
16; 19; 
17; 18; 
20; 23; 
21; 22; 
24; 25; 30; 
26; 27; 
28; 29; 
31; 37; 
32; 35; 
33; 34; 
36; 47; 
38; 39; 
40; 41; 
42; 43; 
44; 45; 46; 
Recursion step 5:
Partitions:
0; 2; 
1; 6; 
3; 5; 4; 
7; 8; 
9; 10; 
11; 13; 12; 
14; 17; 
15; 16; 
18; 19; 
20; 21; 
Recursion step 6:
Partitions:
0; 1; 
2; 5; 
3; 4; 
6; 7; 
8; 9; 
Recursion step 7:
Partitions:
0; 1; 2; 
3; 4; 
Recursion step 8:
