Recursion step 0:
Partitions:
0; 2; 3; 
1; 4; 5; 
6; 8; 
7; 9; 
10; 11; 
12; 15; 14; 
13; 17; 16; 
18; 20; 21; 
19; 22; 23; 
24; 26; 27; 
25; 29; 28; 
30; 33; 32; 
31; 34; 35; 
36; 39; 38; 
37; 40; 41; 
42; 47; 
43; 46; 
44; 45; 
48; 50; 51; 
49; 52; 53; 
54; 105; 103; 
55; 100; 
56; 95; 96; 93; 
57; 90; 88; 
58; 83; 
59; 80; 81; 78; 
60; 73; 76; 75; 
61; 72; 
62; 63; 
64; 67; 
65; 66; 
68; 71; 
69; 70; 
74; 77; 
79; 82; 
84; 87; 
85; 86; 
89; 91; 92; 
94; 97; 
98; 101; 
99; 102; 
104; 106; 
Recursion step 1:
Partitions:
0; 1; 
2; 4; 3; 
5; 6; 
7; 8; 
9; 10; 
11; 12; 
13; 14; 
15; 17; 16; 
18; 19; 
20; 41; 
21; 40; 39; 
22; 38; 
23; 37; 
24; 35; 36; 
25; 34; 
26; 33; 
27; 31; 32; 
28; 30; 29; 
Recursion step 2:
Partitions:
0; 2; 1; 
3; 4; 
5; 6; 
7; 8; 
9; 10; 
11; 12; 
13; 14; 
15; 17; 16; 
Recursion step 3:
