Recursion step 0:
Partitions:
0; 1; 7; 
2; 3; 
4; 5; 31; 
6; 26; 
8; 9; 
10; 11; 12; 
13; 14; 
15; 16; 
17; 18; 
19; 20; 
21; 22; 
23; 24; 
25; 37; 36; 
27; 28; 
29; 30; 
32; 33; 
34; 35; 
38; 39; 
40; 41; 
42; 43; 
44; 53; 
45; 46; 
47; 48; 
49; 50; 
51; 52; 
54; 55; 
56; 57; 
58; 60; 
59; 61; 
62; 63; 
64; 65; 
66; 82; 
67; 68; 
69; 70; 
71; 72; 
73; 74; 
75; 76; 
77; 78; 
79; 91; 
80; 81; 83; 
84; 89; 
85; 86; 
87; 88; 
90; 100; 
92; 93; 
94; 95; 
96; 97; 
98; 99; 
101; 102; 
103; 106; 107; 
104; 105; 
108; 109; 
110; 111; 
112; 113; 
114; 115; 
116; 117; 
118; 119; 
120; 121; 
122; 123; 
Recursion step 1:
Partitions:
0; 1; 
2; 14; 
3; 13; 
4; 7; 
5; 6; 
8; 9; 
10; 17; 
11; 12; 
15; 16; 
18; 20; 19; 
21; 24; 
22; 23; 
25; 26; 
27; 28; 
29; 30; 32; 
31; 39; 
33; 34; 
35; 36; 
37; 38; 
40; 41; 42; 
43; 48; 
44; 45; 
46; 47; 
49; 51; 50; 
52; 53; 
54; 56; 55; 
57; 58; 
Recursion step 2:
Partitions:
0; 2; 
1; 8; 
3; 4; 
5; 9; 
6; 7; 
10; 11; 
12; 13; 
14; 16; 17; 18; 15; 
19; 20; 
21; 22; 
23; 24; 
25; 26; 
Recursion step 3:
