Recursion step 0:
Partitions:
0; 5; 4; 17; 29; 28; 30; 27; 26; 31; 19; 15; 1; 7; 6; 
2; 9; 8; 14; 25; 24; 32; 23; 22; 33; 21; 12; 3; 11; 10; 
13; 20; 
16; 18; 
34; 46; 55; 67; 56; 57; 66; 58; 59; 48; 42; 43; 35; 44; 45; 
36; 41; 40; 37; 39; 38; 51; 63; 62; 64; 61; 60; 65; 53; 49; 
47; 54; 
50; 52; 
68; 80; 89; 101; 90; 91; 100; 92; 93; 87; 76; 77; 69; 78; 79; 
70; 82; 86; 99; 94; 95; 98; 96; 97; 84; 72; 73; 71; 74; 75; 
81; 88; 
83; 85; 
102; 114; 123; 132; 124; 125; 133; 126; 127; 121; 110; 111; 103; 112; 113; 
104; 109; 108; 105; 107; 106; 118; 131; 130; 135; 129; 128; 134; 120; 116; 
115; 122; 
117; 119; 
Recursion step 1:
Partitions:
0; 3; 
1; 2; 
4; 6; 
5; 7; 
8; 10; 
9; 11; 
12; 14; 
13; 15; 
Recursion step 2:
Partitions:
0; 3; 
1; 2; 
4; 6; 
5; 7; 
Recursion step 3:
Partitions:
0; 3; 
1; 2; 
Recursion step 4:
