Recursion step 0:
Partitions:
0; 1; 
2; 3; 
4; 5; 
6; 7; 
8; 9; 
10; 11; 
12; 13; 
14; 15; 
16; 20; 17; 
18; 19; 
21; 22; 
23; 24; 
25; 26; 29; 
27; 28; 
30; 31; 
32; 33; 
34; 35; 
36; 37; 
38; 39; 
40; 41; 
42; 43; 
44; 70; 71; 
45; 47; 46; 
48; 49; 
50; 51; 
52; 53; 
54; 55; 
56; 57; 
58; 59; 
60; 61; 
62; 63; 
64; 65; 
66; 67; 
68; 69; 
72; 73; 
74; 75; 
76; 77; 
78; 79; 
80; 81; 
82; 83; 
84; 85; 
86; 87; 
88; 89; 
90; 91; 
92; 93; 
94; 95; 
96; 97; 98; 
99; 100; 
101; 102; 
103; 104; 
105; 106; 
107; 109; 108; 
110; 111; 
112; 113; 
114; 130; 
115; 117; 116; 
118; 119; 
120; 121; 
122; 123; 
124; 125; 
126; 127; 
128; 129; 
131; 133; 132; 
134; 135; 
136; 137; 
138; 139; 
140; 141; 
142; 143; 
Recursion step 1:
Partitions:
0; 2; 1; 
3; 4; 
5; 6; 
7; 19; 
8; 9; 
10; 18; 17; 
11; 16; 
12; 13; 
14; 15; 
20; 21; 
22; 28; 
23; 24; 
25; 27; 26; 
29; 30; 31; 
32; 33; 
34; 43; 
35; 36; 
37; 39; 38; 
40; 51; 
41; 48; 47; 
42; 46; 
44; 45; 
49; 50; 
52; 53; 
54; 62; 
55; 56; 
57; 58; 
59; 61; 60; 
63; 65; 64; 
66; 67; 
Recursion step 2:
Partitions:
0; 6; 
1; 2; 
3; 4; 
5; 10; 
7; 8; 
9; 14; 13; 
11; 12; 
15; 16; 
17; 22; 
18; 23; 
19; 24; 
20; 21; 
25; 26; 27; 
28; 29; 
Recursion step 3:
Partitions:
0; 4; 
1; 2; 
3; 5; 
6; 8; 
7; 11; 
9; 13; 
10; 12; 
Recursion step 4:
Partitions:
0; 2; 1; 
3; 5; 
4; 6; 
Recursion step 5:
