Recursion step 0:
Partitions:
0; 34; 35; 33; 15; 
1; 36; 32; 31; 14; 
2; 30; 29; 28; 13; 
3; 37; 27; 26; 12; 
4; 11; 23; 24; 25; 
5; 38; 22; 21; 10; 
6; 9; 18; 20; 19; 
7; 39; 17; 16; 8; 
40; 59; 60; 
41; 57; 
42; 56; 64; 
43; 54; 
44; 68; 53; 
45; 51; 
46; 72; 50; 
47; 48; 
49; 73; 75; 
52; 70; 71; 
55; 67; 66; 
58; 63; 62; 
61; 82; 
65; 80; 
69; 78; 
74; 76; 
77; 90; 95; 114; 115; 
79; 113; 112; 99; 88; 
81; 86; 103; 110; 111; 
83; 84; 107; 108; 109; 
85; 106; 
87; 102; 
89; 98; 
91; 94; 
92; 93; 
96; 97; 
100; 101; 
104; 105; 
116; 139; 138; 
117; 136; 
118; 134; 135; 
119; 132; 
120; 130; 131; 
121; 128; 
122; 127; 126; 
123; 124; 
125; 151; 
129; 148; 
133; 145; 
137; 142; 
140; 141; 
143; 144; 
146; 147; 
149; 150; 
Recursion step 1:
Partitions:
0; 1; 
2; 3; 
4; 5; 
6; 7; 
8; 20; 
9; 19; 
10; 21; 
11; 18; 
12; 22; 
13; 17; 
14; 23; 
15; 16; 
24; 31; 32; 
25; 30; 33; 
26; 29; 34; 
27; 28; 35; 
36; 48; 
37; 47; 
38; 49; 
39; 46; 
40; 50; 
41; 45; 
42; 51; 
43; 44; 
Recursion step 2:
Partitions:
0; 1; 
2; 3; 
4; 5; 
6; 7; 
8; 9; 
10; 11; 
12; 13; 
14; 15; 
16; 17; 
18; 19; 
20; 21; 
22; 23; 
Recursion step 3:
