Recursion step 0:
Partitions:
0; 72; 
1; 2; 3; 
4; 5; 
6; 7; 
8; 9; 
10; 11; 
12; 70; 71; 
13; 14; 
15; 16; 66; 67; 
17; 18; 
19; 20; 49; 
21; 23; 22; 
24; 25; 
26; 27; 
28; 29; 
30; 31; 
32; 47; 48; 
33; 34; 
35; 44; 43; 36; 
37; 38; 
39; 40; 
41; 42; 
45; 46; 
50; 51; 
52; 53; 
54; 55; 
56; 57; 
58; 59; 
60; 61; 
62; 63; 
64; 65; 
68; 69; 
73; 74; 
75; 76; 
77; 78; 
79; 80; 
81; 82; 
83; 84; 85; 
86; 94; 
87; 96; 95; 88; 
89; 97; 
90; 91; 92; 100; 99; 98; 
93; 101; 
102; 104; 
103; 112; 113; 105; 
106; 114; 115; 116; 117; 109; 108; 107; 
110; 111; 
118; 125; 127; 126; 128; 130; 129; 131; 124; 123; 122; 121; 120; 119; 
132; 133; 
134; 135; 
136; 137; 138; 139; 146; 144; 145; 143; 
140; 148; 
141; 142; 149; 147; 
150; 151; 
152; 153; 
154; 156; 155; 
157; 158; 
159; 160; 
161; 162; 
163; 164; 
165; 166; 
167; 168; 169; 
170; 171; 
172; 173; 
174; 175; 
176; 177; 
178; 179; 
180; 181; 
182; 183; 
184; 185; 
186; 187; 
188; 189; 
190; 191; 192; 
193; 194; 
195; 196; 
197; 198; 
199; 200; 
201; 202; 
203; 204; 205; 
206; 207; 
208; 209; 
210; 211; 
212; 213; 
214; 215; 
216; 217; 
218; 219; 
220; 221; 
222; 223; 
224; 225; 
Recursion step 1:
Partitions:
0; 1; 
2; 3; 
4; 7; 
5; 6; 
8; 31; 
9; 30; 
10; 23; 
11; 13; 12; 
14; 17; 
15; 16; 
18; 22; 
19; 20; 21; 
24; 25; 
26; 27; 
28; 29; 
32; 33; 
34; 35; 
36; 37; 
38; 40; 39; 
41; 42; 
43; 44; 46; 
45; 47; 
48; 49; 
50; 51; 52; 
53; 54; 
55; 56; 57; 
58; 59; 
60; 61; 
62; 64; 63; 
65; 66; 
67; 69; 68; 
70; 71; 
72; 74; 73; 
75; 76; 
77; 78; 
79; 80; 
81; 83; 82; 
84; 85; 
86; 87; 88; 
Recursion step 2:
Partitions:
0; 1; 
2; 3; 
4; 5; 
6; 12; 
7; 9; 8; 
10; 11; 
13; 14; 
15; 16; 17; 
18; 19; 
20; 21; 
22; 32; 
23; 24; 
25; 26; 27; 
28; 29; 
30; 31; 
33; 34; 
35; 36; 
37; 38; 
Recursion step 3:
Partitions:
0; 7; 
1; 2; 
3; 6; 
4; 5; 
8; 11; 
9; 17; 16; 15; 10; 
12; 14; 13; 
Recursion step 4:
