Recursion step 0:
Partitions:
0; 3; 
1; 2; 
4; 5; 
6; 91; 
7; 8; 
9; 10; 
11; 12; 
13; 87; 
14; 15; 
16; 18; 
17; 19; 
20; 22; 
21; 78; 
23; 24; 
25; 26; 
27; 28; 
29; 30; 31; 32; 33; 
34; 35; 
36; 37; 
38; 56; 
39; 41; 
40; 42; 
43; 46; 
44; 45; 
47; 48; 
49; 50; 
51; 52; 
53; 55; 54; 
57; 59; 
58; 60; 109; 
61; 64; 
62; 65; 
63; 104; 
66; 67; 
68; 69; 
70; 73; 
71; 72; 
74; 76; 79; 
75; 77; 
80; 101; 81; 
82; 83; 
84; 86; 
85; 93; 
88; 90; 89; 
92; 143; 
94; 95; 
96; 138; 
97; 98; 
99; 100; 
102; 132; 131; 
103; 128; 
105; 106; 
107; 108; 
110; 111; 112; 
113; 115; 
114; 116; 
117; 119; 118; 
120; 121; 
122; 126; 
123; 124; 125; 
127; 173; 171; 
129; 130; 
133; 163; 
134; 135; 
136; 137; 
139; 160; 
140; 141; 
142; 156; 
144; 145; 
146; 148; 147; 
149; 150; 
151; 152; 
153; 154; 
155; 213; 
157; 158; 
159; 210; 
161; 162; 
164; 200; 165; 
166; 196; 167; 
168; 169; 
170; 172; 
174; 175; 176; 
177; 186; 
178; 188; 
179; 180; 
181; 182; 
183; 184; 
185; 255; 
187; 189; 
190; 191; 
192; 195; 
193; 194; 
197; 233; 
198; 199; 
201; 227; 
202; 228; 
203; 206; 
204; 205; 
207; 209; 
208; 221; 220; 219; 
211; 212; 
214; 292; 
215; 217; 
216; 286; 
218; 285; 
222; 223; 
224; 225; 
226; 298; 
229; 230; 
231; 232; 
234; 273; 
235; 237; 
236; 240; 239; 
238; 270; 
241; 242; 
243; 244; 
245; 246; 
247; 248; 
249; 250; 
251; 252; 
253; 259; 
254; 260; 
256; 258; 257; 
261; 263; 
262; 265; 264; 
266; 267; 
268; 269; 
271; 272; 
274; 275; 276; 
277; 278; 
279; 282; 
280; 281; 
283; 284; 
287; 288; 
289; 290; 291; 
293; 294; 
295; 297; 296; 
Recursion step 1:
Partitions:
0; 1; 2; 
3; 44; 
4; 5; 
6; 7; 
8; 9; 10; 
11; 13; 
12; 39; 
14; 15; 
16; 17; 
18; 20; 
19; 28; 
21; 23; 
22; 24; 
25; 26; 
27; 54; 
29; 52; 
30; 51; 
31; 32; 
33; 34; 
35; 36; 
37; 38; 
40; 41; 
42; 43; 
45; 46; 
47; 48; 
49; 50; 
53; 58; 
55; 56; 
57; 59; 
60; 80; 
61; 77; 
62; 63; 
64; 76; 
65; 74; 
66; 67; 
68; 69; 
70; 71; 72; 
73; 101; 
75; 98; 
78; 92; 
79; 89; 91; 
81; 83; 82; 
84; 85; 
86; 87; 
88; 118; 
90; 116; 
93; 95; 94; 
96; 97; 
99; 105; 
100; 102; 103; 
104; 132; 
106; 107; 
108; 109; 
110; 127; 
111; 112; 
113; 114; 126; 
115; 117; 
119; 121; 
120; 122; 123; 
124; 125; 
128; 129; 
130; 131; 
133; 134; 
135; 136; 
Recursion step 2:
Partitions:
0; 1; 
2; 3; 
4; 5; 
6; 20; 
7; 19; 
8; 9; 
10; 11; 
12; 13; 
14; 27; 
15; 16; 
17; 18; 
21; 22; 
23; 24; 
25; 30; 
26; 28; 
29; 41; 
31; 32; 
33; 34; 
35; 36; 
37; 63; 
38; 48; 47; 
39; 53; 
40; 45; 
42; 43; 
44; 56; 
46; 51; 
49; 62; 
50; 61; 
52; 60; 
54; 55; 
57; 58; 59; 
Recursion step 3:
Partitions:
0; 18; 
1; 11; 
2; 4; 
3; 12; 
5; 9; 10; 
6; 7; 
8; 14; 
13; 16; 
15; 24; 22; 
17; 20; 
19; 26; 
21; 29; 
23; 30; 
25; 28; 27; 
Recursion step 4:
Partitions:
0; 1; 
2; 3; 
4; 5; 
6; 12; 
7; 13; 
8; 11; 
9; 10; 
Recursion step 5:
