Recursion step 0:
Partitions:
0; 2; 
1; 51; 
3; 4; 
5; 6; 
7; 8; 
9; 11; 10; 
12; 13; 
14; 15; 
16; 32; 
17; 19; 18; 
20; 21; 
22; 23; 
24; 63; 
25; 27; 26; 
28; 62; 
29; 30; 
31; 61; 
33; 34; 
35; 36; 
37; 38; 
39; 40; 
41; 43; 
42; 44; 
45; 48; 
46; 47; 
49; 50; 
52; 53; 
54; 55; 
56; 57; 
58; 59; 60; 
64; 65; 
66; 67; 
68; 69; 
70; 71; 
72; 73; 
74; 75; 
76; 86; 85; 77; 
78; 79; 
80; 81; 
82; 84; 83; 
87; 88; 
89; 90; 
91; 101; 
92; 93; 
94; 95; 
96; 97; 
98; 127; 
99; 100; 
102; 114; 
103; 104; 
105; 106; 
107; 108; 
109; 111; 110; 
112; 113; 
115; 117; 
116; 119; 
118; 120; 121; 
122; 124; 
123; 125; 
126; 128; 
129; 130; 
131; 132; 
133; 134; 
135; 136; 
137; 157; 
138; 139; 
140; 141; 
142; 149; 150; 152; 151; 
143; 145; 
144; 147; 146; 
148; 185; 
153; 154; 
155; 156; 
158; 159; 
160; 161; 
162; 163; 
164; 166; 
165; 168; 
167; 169; 
170; 171; 
172; 173; 
174; 175; 
176; 177; 
178; 179; 
180; 181; 
182; 191; 
183; 190; 
184; 189; 
186; 224; 
187; 188; 
192; 193; 
194; 195; 
196; 197; 
198; 199; 
200; 201; 
202; 203; 
204; 205; 
206; 207; 
208; 250; 
209; 249; 
210; 211; 
212; 213; 
214; 215; 
216; 240; 
217; 218; 
219; 220; 
221; 233; 232; 
222; 223; 
225; 226; 
227; 282; 228; 
229; 280; 
230; 231; 
234; 235; 
236; 237; 
238; 239; 
241; 242; 
243; 244; 
245; 246; 
247; 248; 
251; 252; 
253; 254; 
255; 256; 
257; 258; 
259; 260; 
261; 262; 
263; 306; 307; 
264; 265; 
266; 267; 
268; 269; 
270; 271; 
272; 274; 273; 
275; 276; 
277; 278; 
279; 284; 
281; 340; 
283; 343; 
285; 286; 339; 
287; 288; 
289; 290; 
291; 292; 
293; 294; 
295; 297; 296; 
298; 299; 
300; 301; 
302; 303; 
304; 305; 
308; 309; 
310; 311; 
312; 313; 
314; 315; 
316; 317; 
318; 319; 
320; 321; 
322; 323; 
324; 325; 
326; 327; 
328; 330; 
329; 331; 
332; 333; 
334; 336; 335; 
337; 338; 
341; 342; 
344; 345; 
346; 348; 347; 
349; 350; 
351; 353; 352; 
354; 355; 357; 358; 356; 
359; 369; 
360; 361; 
362; 363; 
364; 365; 
366; 377; 
367; 368; 
370; 372; 371; 
373; 374; 380; 
375; 376; 
378; 379; 
381; 382; 383; 
384; 385; 
386; 387; 
388; 389; 
390; 398; 391; 
392; 393; 394; 
395; 396; 397; 
399; 400; 
401; 403; 
402; 408; 407; 
404; 416; 
405; 406; 
409; 410; 
411; 412; 
413; 420; 
414; 415; 
417; 427; 
418; 419; 
421; 422; 
423; 425; 424; 
426; 429; 
428; 430; 
431; 432; 
433; 437; 
434; 438; 
435; 436; 
Recursion step 1:
Partitions:
0; 1; 
2; 23; 
3; 4; 
5; 6; 
7; 8; 
9; 10; 11; 
12; 13; 
14; 34; 
15; 16; 
17; 18; 
19; 21; 
20; 22; 
24; 25; 
26; 27; 
28; 36; 
29; 35; 
30; 31; 
32; 33; 
37; 38; 
39; 70; 
40; 41; 
42; 43; 
44; 45; 
46; 57; 
47; 55; 
48; 53; 
49; 50; 
51; 52; 
54; 56; 
58; 59; 
60; 61; 
62; 63; 
64; 72; 
65; 66; 
67; 71; 
68; 69; 
73; 74; 
75; 76; 
77; 78; 
79; 80; 
81; 82; 
83; 84; 
85; 86; 
87; 107; 
88; 89; 
90; 91; 
92; 93; 
94; 95; 
96; 97; 
98; 99; 
100; 101; 
102; 103; 
104; 105; 
106; 112; 
108; 109; 
110; 134; 
111; 133; 136; 
113; 114; 
115; 116; 
117; 118; 
119; 120; 
121; 122; 
123; 124; 
125; 146; 
126; 127; 145; 
128; 129; 
130; 132; 131; 
135; 161; 
137; 138; 
139; 166; 
140; 141; 142; 158; 159; 160; 
143; 144; 
147; 152; 
148; 149; 
150; 151; 
153; 154; 
155; 156; 157; 
162; 163; 175; 
164; 165; 
167; 168; 
169; 170; 
171; 172; 
173; 177; 
174; 181; 
176; 180; 
178; 179; 
182; 183; 
184; 192; 
185; 187; 
186; 189; 196; 
188; 190; 195; 
191; 194; 
193; 198; 
197; 199; 
200; 202; 201; 
Recursion step 2:
Partitions:
0; 12; 
1; 11; 
2; 3; 
4; 9; 
5; 16; 
6; 7; 
8; 15; 
10; 14; 
13; 18; 
17; 20; 
19; 54; 
21; 26; 
22; 24; 
23; 30; 29; 
25; 28; 
27; 35; 
31; 36; 
32; 33; 34; 
37; 38; 
39; 48; 47; 
40; 41; 
42; 43; 
44; 56; 
45; 46; 
49; 60; 59; 58; 50; 
51; 52; 
53; 57; 
55; 67; 
61; 73; 
62; 63; 
64; 65; 
66; 70; 
68; 69; 
71; 76; 
72; 74; 75; 
77; 78; 
79; 81; 80; 
82; 86; 83; 
84; 91; 
85; 87; 
88; 92; 
89; 94; 
90; 93; 
Recursion step 3:
Partitions:
0; 1; 
2; 3; 
4; 9; 
5; 6; 
7; 8; 
10; 27; 
11; 15; 
12; 14; 13; 
16; 18; 19; 23; 21; 20; 17; 
22; 32; 35; 38; 37; 
24; 28; 
25; 26; 
29; 34; 
30; 33; 
31; 36; 
39; 40; 
41; 42; 
Recursion step 4:
Partitions:
0; 1; 
2; 6; 
3; 4; 
5; 9; 16; 
7; 8; 
10; 11; 
12; 13; 
14; 15; 
Recursion step 5:
