231709777399
232020019405
232799969423
231779996757
231383071479
234208892901
234228038739
234277040977
233918927581
232173419868
230957435603
231445121200
229323162868
235148869394
231291271772
232652406620
231736285206
233969503410
230626541130
234271938689
234496433233
228987584933
233473525266
235658493353
233807525223
233393500255
232098937294
231448004363
233655994850
233765046396
229298953509
229700007643
232634997693
231018407151
231858599794
234113092708
231903608782
233635373075
231287877326
231456047709
234175974843
231999972981
231513529437
231782473659
231541451220
232319317747
233419231026
234567989468
229800007223
229964006010
232680039629
231691968178
231999131126
232427399885
231517479575
231807870013
232144105275
231397186134
231674830742
232376231198
235119754512
231360005967
231659948830
232287841012
