231568412904
231545479884
232075966166
234087323724
230934155271
234010536589
229928005870
234531997631
234184040785
229468385589
230112470660
233431062824
233476006837
234041642879
234254383622
232033855338
234306099358
233782251823
234396353261
234097416239
229772050252
231675943901
232120022613
229943996997
233863970898
229532454897
230495548791
235367986436
233471998115
234615999616
230336012581
234803995321
229408013453
233748028570
231683964229
234655823102
234361161444
233634997332
234861204083
233302798397
236704011702
236112060509
231772023388
231699892433
233989932227
233824055882
234714476051
229431554713
231087972056
231855997865
231819985244
232215712251
232476286639
234860054182
233840362830
233709142416
233094453645
234340088685
233763805721
234428153026
233579922174
234376045782
228659961616
231164015426
