233950805907
233205181371
233476518012
234304951172
234656218183
233319512452
234468436635
233619943228
234467573538
234447517191
234117268719
234274526205
233700641017
234100614236
230075574935
237431830853
232932169326
232031775278
234016977757
233303596791
234103038482
233964255393
233971184530
234085349094
233391483245
233942626852
232809400383
234384185848
233711881343
234603680098
233831510038
233308737780
234208005865
233348531494
233743690124
234132040238
233216300650
231743577181
231579889614
230916347578
233671610899
233656782777
235011205538
236072310866
233947856118
234176664505
235087918348
232931104586
234540444847
234252562983
234622849400
233897225153
234330134676
234613531562
231690725413
234768488898
234288131621
234499973435
235566661227
234992835083
233957384112
234299526140
235072581526
233713219502
