237903326677
233353427061
234619692803
235085501413
232247624014
232432530900
231848820030
232064400881
233055996762
232155976305
234775990193
232104006642
232048020071
231875970447
232764003542
232879987395
232772013230
232395871258
232462306367
232344693627
232300221470
232039139023
232921759529
232923969013
231983093307
231920440263
232144477993
231884399012
232367584070
232316000601
232827386430
232587400431
235209212855
231643492496
232992938962
234297942060
233701622736
234014520135
232217479654
232056287417
231610893359
231719146332
232384660818
232772436583
232614339861
232060488059
231877706541
232344238169
231918885973
232166939377
232226215517
232472766539
231765391287
232215918467
234352479457
235925182603
233780627558
233940704697
232166669480
231714220195
231448429921
231945690667
232861136246
232802454126
