Recursion step 0:
Partitions:
0; 24; 23; 
1; 2; 
3; 4; 
5; 6; 
7; 29; 
8; 9; 
10; 32; 
11; 12; 
13; 14; 
15; 38; 
16; 17; 
18; 41; 
19; 42; 
20; 21; 
22; 45; 
25; 26; 
27; 49; 
28; 51; 
30; 52; 31; 
33; 34; 
35; 58; 57; 
36; 37; 
39; 40; 
43; 44; 
46; 69; 
47; 48; 
50; 73; 
53; 54; 
55; 56; 
59; 60; 
61; 62; 
63; 64; 
65; 66; 
67; 68; 91; 
70; 92; 
71; 72; 
74; 97; 
75; 77; 76; 
78; 79; 
80; 103; 
81; 82; 
83; 84; 
85; 86; 
87; 111; 
88; 89; 
90; 112; 
93; 94; 
95; 96; 
98; 122; 
99; 100; 
101; 102; 
104; 128; 105; 
106; 107; 
108; 109; 
110; 133; 
113; 137; 114; 
115; 116; 
117; 140; 
118; 119; 
120; 143; 
121; 123; 
124; 125; 
126; 147; 148; 
127; 150; 
129; 151; 
130; 131; 
132; 154; 
134; 135; 
136; 160; 159; 
138; 139; 
141; 142; 
144; 167; 166; 
145; 146; 
149; 172; 
152; 153; 
155; 177; 
156; 179; 
157; 158; 
161; 184; 
162; 163; 
164; 165; 
168; 169; 
170; 171; 
173; 174; 
175; 176; 
178; 202; 
180; 181; 
182; 183; 
185; 207; 208; 
186; 187; 
188; 189; 
190; 192; 191; 
193; 194; 
195; 196; 
197; 220; 
198; 199; 
200; 201; 
203; 204; 
205; 228; 206; 
209; 232; 
210; 211; 
212; 235; 
213; 214; 
215; 216; 
217; 240; 
218; 219; 242; 
221; 222; 
223; 224; 
225; 226; 
227; 229; 
230; 253; 
231; 255; 
233; 234; 
236; 237; 
238; 239; 
241; 264; 
243; 244; 
245; 246; 
247; 248; 
249; 250; 
251; 252; 
254; 276; 
256; 279; 
257; 258; 
259; 260; 
261; 285; 
262; 263; 
265; 266; 
267; 268; 
269; 270; 
271; 272; 
273; 274; 
275; 298; 
277; 301; 278; 
280; 281; 
282; 305; 
283; 284; 
286; 287; 
288; 289; 
290; 313; 
291; 292; 
293; 294; 
295; 296; 
297; 321; 320; 
299; 300; 
302; 303; 
304; 327; 
306; 307; 329; 
308; 309; 
310; 312; 311; 
314; 315; 
316; 317; 
318; 319; 342; 
322; 345; 
323; 324; 
325; 326; 
328; 352; 
330; 331; 
332; 355; 
333; 334; 
335; 336; 
337; 338; 
339; 361; 
340; 364; 363; 
341; 365; 
343; 344; 
346; 347; 
348; 349; 
350; 351; 
353; 354; 
356; 357; 
358; 359; 382; 
360; 384; 
362; 385; 
366; 367; 
368; 391; 
369; 370; 
371; 394; 
372; 373; 
374; 396; 
375; 376; 
377; 378; 
379; 380; 
381; 383; 
386; 409; 408; 
387; 410; 411; 
388; 412; 
389; 390; 
392; 393; 
395; 418; 417; 
397; 398; 421; 
399; 400; 
401; 424; 
402; 403; 
404; 405; 
406; 407; 
413; 436; 
414; 437; 
415; 416; 
419; 420; 
422; 423; 
425; 448; 
426; 427; 
428; 429; 
430; 431; 
432; 433; 
434; 435; 459; 
438; 439; 
440; 441; 
442; 466; 
443; 444; 
445; 467; 
446; 447; 
449; 472; 
450; 451; 
452; 475; 
453; 476; 
454; 455; 
456; 478; 
457; 458; 
460; 484; 483; 
461; 462; 485; 
463; 464; 
465; 490; 489; 
468; 469; 
470; 471; 
473; 474; 496; 
477; 499; 
479; 480; 
481; 482; 
486; 510; 487; 
488; 511; 
491; 513; 
492; 515; 
493; 494; 
495; 518; 
497; 498; 
500; 501; 
502; 525; 524; 
503; 504; 
505; 528; 527; 
506; 507; 
508; 509; 
512; 535; 536; 
514; 537; 
516; 539; 
517; 540; 
519; 543; 
520; 521; 
522; 523; 
526; 549; 548; 
529; 530; 
531; 532; 
533; 534; 
538; 562; 
541; 542; 
544; 567; 545; 
546; 547; 
550; 551; 574; 
552; 553; 
554; 555; 
556; 557; 
558; 559; 
560; 561; 
563; 564; 
565; 566; 
568; 569; 
570; 571; 
572; 573; 
Recursion step 1:
Partitions:
0; 1; 
2; 15; 
3; 4; 
5; 6; 
7; 19; 
8; 9; 
10; 22; 
11; 12; 
13; 14; 
16; 17; 
18; 27; 
20; 28; 38; 
21; 29; 
23; 33; 32; 
24; 34; 
25; 26; 35; 
30; 31; 42; 
36; 37; 
39; 40; 
41; 51; 52; 
43; 44; 
45; 55; 
46; 56; 
47; 58; 
48; 49; 
50; 61; 
53; 54; 
57; 69; 
59; 71; 
60; 72; 
62; 73; 
63; 64; 74; 
65; 66; 
67; 77; 68; 
70; 80; 
75; 76; 
78; 79; 
81; 82; 
83; 93; 94; 
84; 95; 
85; 96; 
86; 87; 
88; 99; 
89; 90; 
91; 92; 
97; 98; 
100; 101; 
102; 113; 
103; 114; 
104; 105; 
106; 107; 
108; 118; 
109; 120; 
110; 111; 
112; 123; 
115; 127; 
116; 128; 
117; 129; 
119; 130; 
121; 133; 
122; 134; 
124; 135; 
125; 126; 
131; 132; 
136; 147; 
137; 138; 
139; 140; 150; 
141; 151; 
142; 152; 
143; 165; 
144; 154; 
145; 146; 
148; 157; 
149; 159; 
153; 166; 
155; 167; 
156; 168; 
158; 170; 
160; 171; 
161; 162; 
163; 164; 
169; 181; 
172; 173; 
174; 187; 
175; 188; 
176; 177; 
178; 179; 
180; 190; 191; 
182; 193; 
183; 194; 
184; 205; 
185; 186; 
189; 199; 
192; 200; 
195; 203; 
196; 206; 
197; 198; 
201; 202; 
204; 217; 
207; 208; 
209; 210; 
211; 224; 
212; 225; 
213; 214; 
215; 216; 
218; 228; 
219; 229; 
220; 241; 
221; 222; 
223; 231; 
226; 236; 
227; 237; 249; 
230; 242; 
232; 233; 
234; 235; 
238; 250; 
239; 240; 
243; 244; 
245; 246; 
247; 248; 
251; 259; 
252; 260; 
253; 261; 262; 
254; 263; 
255; 265; 264; 
256; 266; 
257; 267; 
258; 268; 
Recursion step 2:
Partitions:
0; 1; 
2; 9; 
3; 4; 
5; 12; 
6; 7; 
8; 13; 
10; 11; 
14; 15; 
16; 20; 26; 
17; 24; 
18; 19; 
21; 33; 
22; 23; 
25; 30; 
27; 36; 34; 
28; 29; 
31; 32; 
35; 40; 
37; 44; 
38; 39; 
41; 45; 
42; 53; 
43; 46; 
47; 54; 
48; 49; 
50; 51; 
52; 63; 
55; 56; 
57; 58; 
59; 60; 
61; 62; 
64; 72; 
65; 73; 
66; 67; 
68; 69; 
70; 74; 
71; 75; 76; 
77; 81; 
78; 79; 82; 
80; 83; 
84; 85; 
86; 92; 
87; 88; 
89; 94; 
90; 95; 91; 
93; 102; 
96; 108; 99; 
97; 103; 
98; 104; 
100; 101; 
105; 106; 
107; 112; 
109; 113; 
110; 114; 
111; 119; 
115; 116; 
117; 122; 
118; 123; 
120; 121; 
124; 125; 
126; 127; 
Recursion step 3:
Partitions:
0; 1; 
2; 3; 
4; 5; 
6; 9; 
7; 12; 
8; 11; 
10; 16; 
13; 15; 
14; 22; 
17; 20; 
18; 24; 
19; 25; 27; 
21; 29; 
23; 30; 
26; 28; 
31; 32; 
33; 38; 
34; 39; 
35; 36; 
37; 42; 
40; 41; 
43; 48; 
44; 50; 
45; 47; 
46; 51; 
49; 52; 
53; 54; 
55; 60; 
56; 58; 
57; 59; 
Recursion step 4:
Partitions:
0; 4; 
1; 3; 
2; 5; 6; 
7; 8; 
9; 14; 
10; 11; 
12; 13; 
15; 19; 
16; 17; 
18; 20; 
21; 22; 
23; 25; 
24; 28; 
26; 29; 27; 
Recursion step 5:
