233371728381
233791733213
236576461212
237435684270
234236339430
234300774002
234483023049
234584442070
233723495290
233722082666
233334070319
234312681428
230012150159
229355657836
230268486677
235771839088
230443265039
229796711255
235211297081
229576529288
229784192627
229967309422
230592542958
231191455223
232279927016
231452860580
233643963212
229412426245
234380707955
234129736929
235000348673
233947924230
234148033441
233728765520
233907939945
233780167712
234131842321
233487953789
234488220696
229539028848
233263664037
233903104134
234469125234
234180330657
233348027110
233229415366
234283351472
229631931509
233888775813
233806400715
230227959408
234323665555
232768527991
230419938525
233492961589
233836326197
232198930286
232755826074
234075500695
228548757212
230022298156
229544871173
230300561320
233511472668
