232201231002
234180819691
233964071134
234056165508
230235463793
234562920608
234296399637
233982497101
234511905012
235185879151
234008751389
234419884483
235227806452
231275756120
231800083395
230079503529
228918046612
229625020216
230095993990
233669479791
234095458998
234363339483
234385707595
233679759294
234435839160
233154325564
233945669681
234192430122
233311646560
231864281171
231456284290
235383951657
230521701767
230346305595
233907263194
233748444137
231328386445
234401834110
233637234942
234368488477
234160519750
234774122505
234440044796
234433599410
234439484400
235412185043
230172960065
234975674318
233842946910
235434375988
234128240902
235105202774
234465085378
235216945814
235166568351
234366365473
234393801684
234216874039
235751786951
234198346573
234520861520
234666500385
233879386464
229533935829
