Recursion step 0:
Partitions:
0; 14; 
1; 6; 
2; 4; 
3; 10; 
5; 12; 
7; 19; 
8; 9; 
11; 17; 
13; 31; 
15; 20; 
16; 22; 
18; 29; 
21; 34; 
23; 27; 
24; 36; 
25; 26; 
28; 32; 
30; 35; 
33; 42; 
37; 39; 
38; 62; 
40; 45; 
41; 50; 
43; 54; 59; 
44; 56; 
46; 64; 
47; 63; 
48; 55; 51; 
49; 61; 
52; 57; 
53; 71; 
58; 60; 
65; 72; 
66; 80; 99; 79; 69; 
67; 85; 81; 
68; 92; 
70; 84; 98; 
73; 76; 
74; 86; 
75; 97; 
77; 89; 
78; 83; 
82; 93; 
87; 96; 
88; 94; 
90; 95; 
91; 102; 
100; 105; 
101; 104; 107; 
103; 112; 
106; 110; 
108; 113; 
109; 114; 
111; 115; 
116; 122; 
117; 137; 
118; 121; 
119; 135; 
120; 123; 125; 
124; 145; 
126; 152; 
127; 139; 
128; 140; 129; 
130; 131; 
132; 142; 136; 
133; 134; 
138; 146; 
141; 148; 
143; 149; 
144; 147; 
150; 155; 161; 
151; 160; 
153; 166; 158; 
154; 159; 
156; 162; 168; 
157; 165; 173; 
163; 164; 172; 
167; 169; 
170; 192; 
171; 184; 
174; 183; 195; 194; 204; 
175; 178; 
176; 180; 
177; 191; 
179; 185; 
181; 189; 
182; 187; 
186; 203; 
188; 190; 
193; 198; 
196; 200; 
197; 199; 
201; 207; 
202; 219; 
205; 216; 
206; 222; 213; 
208; 210; 
209; 212; 
211; 218; 
214; 215; 
217; 237; 
220; 225; 
221; 226; 
223; 242; 
224; 232; 
227; 228; 243; 
229; 230; 
231; 239; 
233; 253; 
234; 241; 
235; 238; 
236; 256; 
240; 244; 251; 
245; 254; 
246; 260; 
247; 248; 
249; 258; 
250; 252; 
255; 266; 
257; 267; 
259; 262; 
261; 274; 
263; 264; 
265; 269; 
268; 280; 
270; 271; 
272; 273; 277; 
275; 276; 
278; 283; 
279; 284; 
281; 286; 
282; 287; 
285; 298; 
288; 301; 
289; 299; 
290; 305; 
291; 302; 
292; 306; 
293; 316; 
294; 310; 
295; 296; 303; 
297; 308; 
300; 311; 
304; 312; 
307; 309; 
313; 314; 
315; 331; 
317; 325; 
318; 322; 
319; 323; 
320; 321; 
324; 338; 
326; 334; 
327; 343; 
328; 340; 354; 
329; 335; 
330; 333; 
332; 344; 
336; 337; 
339; 347; 350; 
341; 361; 
342; 355; 358; 362; 351; 
345; 352; 
346; 349; 
348; 360; 
353; 359; 
356; 366; 
357; 365; 
363; 382; 
364; 370; 
367; 372; 
368; 373; 
369; 376; 
371; 390; 
374; 379; 
375; 392; 
377; 378; 
380; 385; 
381; 386; 
383; 394; 
384; 387; 
388; 391; 404; 
389; 400; 
393; 412; 
395; 398; 
396; 406; 
397; 411; 
399; 401; 415; 
402; 414; 413; 
403; 405; 
407; 408; 409; 
410; 417; 
416; 418; 
419; 423; 
420; 441; 427; 
421; 432; 
422; 435; 428; 
424; 437; 442; 
425; 429; 
426; 446; 439; 
430; 438; 
431; 449; 
433; 447; 436; 
434; 440; 
443; 461; 460; 
444; 451; 
445; 458; 
448; 455; 
450; 453; 
452; 457; 465; 
454; 462; 
456; 466; 
459; 472; 
463; 468; 469; 
464; 474; 
467; 477; 
470; 480; 478; 
471; 481; 
473; 479; 
475; 493; 
476; 482; 
483; 484; 
485; 491; 
486; 488; 
487; 492; 
489; 503; 
490; 499; 
494; 512; 
495; 496; 
497; 501; 508; 
498; 510; 
500; 506; 
502; 509; 
504; 520; 
505; 516; 
507; 511; 
513; 519; 
514; 528; 
515; 522; 
517; 518; 
521; 523; 
524; 527; 
525; 532; 547; 
526; 542; 
529; 533; 
530; 538; 
531; 544; 
534; 535; 
536; 543; 
537; 549; 554; 
539; 546; 
540; 541; 
545; 548; 
550; 553; 
551; 556; 
552; 558; 
555; 563; 
557; 564; 
559; 567; 575; 
560; 568; 
561; 578; 
562; 565; 
566; 573; 
569; 576; 
570; 574; 
571; 572; 
577; 587; 
579; 595; 
580; 603; 592; 
581; 591; 
582; 601; 584; 
583; 590; 
585; 593; 
586; 602; 
588; 604; 
589; 598; 
594; 607; 
596; 597; 
599; 600; 
605; 615; 
606; 616; 
608; 621; 
609; 617; 
610; 625; 
611; 626; 633; 
612; 618; 
613; 632; 
614; 628; 
619; 624; 622; 
620; 627; 
623; 639; 637; 
629; 635; 
630; 638; 
631; 641; 
634; 642; 
636; 646; 
640; 643; 
644; 654; 
645; 650; 
647; 651; 658; 
648; 656; 
649; 661; 
652; 653; 
655; 657; 
659; 674; 
660; 683; 
662; 669; 
663; 672; 
664; 671; 682; 
665; 668; 
666; 667; 
670; 678; 
673; 675; 
676; 681; 
677; 687; 
679; 684; 
680; 690; 
685; 709; 
686; 710; 
688; 692; 
689; 705; 
691; 697; 
693; 702; 695; 
694; 698; 
696; 703; 
699; 700; 
701; 707; 
704; 708; 
706; 712; 
711; 713; 728; 
714; 716; 
715; 722; 
717; 734; 
718; 719; 
720; 725; 
721; 731; 
723; 741; 
724; 733; 
726; 749; 748; 
727; 750; 
729; 730; 
732; 736; 
735; 744; 
737; 746; 
738; 742; 
739; 747; 
740; 745; 
743; 752; 
751; 755; 763; 
753; 754; 
756; 758; 767; 
757; 775; 
759; 764; 
760; 771; 
761; 765; 
762; 769; 
766; 770; 
768; 777; 
772; 773; 
774; 781; 782; 
776; 778; 
779; 780; 
Recursion step 1:
Partitions:
0; 14; 
1; 7; 
2; 6; 
3; 4; 
5; 17; 11; 
8; 12; 
9; 15; 
10; 21; 
13; 23; 
16; 20; 
18; 19; 
22; 30; 
24; 27; 
25; 29; 
26; 36; 
28; 31; 
32; 45; 
33; 50; 
34; 46; 
35; 40; 
37; 44; 
38; 41; 
39; 42; 
43; 52; 
47; 51; 
48; 61; 53; 
49; 56; 
54; 66; 59; 
55; 58; 
57; 70; 60; 
62; 63; 
64; 71; 
65; 67; 
68; 72; 
69; 77; 
73; 80; 
74; 81; 
75; 83; 
76; 85; 
78; 82; 89; 
79; 84; 
86; 90; 
87; 92; 
88; 93; 
91; 94; 
95; 100; 
96; 98; 
97; 101; 
99; 109; 
102; 106; 
103; 118; 
104; 107; 
105; 111; 
108; 122; 129; 
110; 113; 
112; 114; 
115; 126; 
116; 119; 
117; 121; 
120; 125; 
123; 127; 
124; 136; 
128; 141; 
130; 131; 144; 142; 
132; 135; 
133; 143; 
134; 137; 
138; 152; 
139; 147; 
140; 145; 
146; 163; 
148; 151; 
149; 156; 
150; 157; 
153; 167; 
154; 166; 
155; 165; 
158; 159; 
160; 164; 
161; 179; 
162; 169; 
168; 187; 188; 180; 170; 
171; 176; 
172; 173; 
174; 177; 
175; 190; 
178; 182; 
181; 185; 
183; 189; 
184; 186; 
191; 192; 
193; 198; 
194; 204; 
195; 197; 
196; 205; 
199; 208; 
200; 203; 
201; 214; 
202; 206; 
207; 212; 
209; 221; 
210; 222; 
211; 213; 
215; 216; 
217; 230; 
218; 223; 
219; 228; 
220; 226; 
224; 236; 
225; 232; 238; 
227; 239; 
229; 241; 
231; 233; 
234; 235; 
237; 254; 
240; 243; 
242; 258; 
244; 253; 
245; 250; 
246; 248; 
247; 251; 
249; 252; 
255; 265; 
256; 261; 
257; 263; 
259; 260; 
262; 269; 
264; 274; 
266; 275; 
267; 272; 
268; 279; 
270; 276; 
271; 278; 
273; 281; 
277; 284; 
280; 289; 
282; 292; 
283; 290; 
285; 296; 
286; 291; 
287; 293; 
288; 294; 
295; 306; 
297; 304; 
298; 309; 
299; 311; 314; 
300; 305; 
301; 302; 
303; 313; 
307; 310; 312; 
308; 324; 
315; 320; 
316; 321; 
317; 323; 
318; 329; 
319; 325; 
322; 330; 
326; 331; 
327; 332; 
328; 333; 
334; 345; 
335; 344; 
336; 348; 
337; 343; 
338; 354; 
339; 347; 
340; 346; 
341; 349; 
342; 352; 
350; 351; 
353; 357; 
355; 361; 
356; 359; 
358; 360; 
Recursion step 2:
Partitions:
0; 12; 
1; 2; 
3; 10; 
4; 15; 
5; 6; 
7; 17; 
8; 19; 
9; 14; 
11; 18; 
13; 22; 
16; 21; 
20; 25; 
23; 27; 
24; 26; 
28; 33; 30; 
29; 31; 
32; 34; 
35; 40; 
36; 44; 38; 
37; 43; 
39; 45; 
41; 47; 
42; 50; 
46; 51; 
48; 54; 
49; 56; 
52; 58; 
53; 62; 
55; 59; 
57; 61; 
60; 65; 
63; 68; 
64; 70; 66; 
67; 71; 
69; 75; 
72; 78; 
73; 76; 
74; 79; 
77; 81; 
80; 85; 
82; 88; 89; 
83; 84; 
86; 87; 
90; 96; 
91; 93; 
92; 95; 103; 
94; 100; 
97; 98; 
99; 102; 
101; 113; 
104; 116; 
105; 106; 
107; 112; 
108; 115; 
109; 121; 
110; 118; 114; 
111; 119; 
117; 125; 
120; 123; 
122; 130; 
124; 127; 
126; 131; 
128; 134; 
129; 137; 
132; 133; 
135; 138; 
136; 139; 
140; 147; 
141; 148; 
142; 149; 
143; 151; 
144; 146; 
145; 150; 
152; 161; 
153; 155; 
154; 156; 
157; 166; 
158; 168; 
159; 160; 167; 
162; 172; 165; 
163; 170; 
164; 171; 
169; 173; 
Recursion step 3:
Partitions:
0; 5; 
1; 7; 
2; 6; 
3; 8; 4; 
9; 11; 
10; 13; 
12; 17; 15; 
14; 18; 
16; 20; 
19; 26; 21; 
22; 32; 
23; 29; 
24; 30; 25; 
27; 34; 
28; 31; 
33; 39; 
35; 40; 
36; 38; 
37; 42; 
41; 43; 
44; 49; 48; 
45; 47; 
46; 50; 
51; 53; 
52; 55; 
54; 56; 
57; 63; 
58; 62; 
59; 61; 
60; 66; 
64; 65; 
67; 71; 
68; 69; 
70; 72; 
73; 82; 
74; 78; 
75; 79; 
76; 81; 
77; 80; 
Recursion step 4:
Partitions:
0; 1; 
2; 3; 
4; 6; 
5; 8; 
7; 11; 
9; 14; 
10; 12; 
13; 16; 
15; 18; 
17; 19; 
20; 23; 
21; 25; 
22; 26; 
24; 27; 
28; 31; 32; 
29; 30; 
33; 38; 
34; 35; 
36; 37; 
Recursion step 5:
Partitions:
0; 2; 
1; 3; 
4; 6; 
5; 7; 
8; 9; 
10; 11; 
12; 13; 
14; 18; 17; 16; 15; 
Recursion step 6:
Partitions:
0; 1; 
2; 3; 
4; 5; 
6; 7; 
Recursion step 7:
Partitions:
0; 1; 
2; 3; 
Recursion step 8:
