Recursion step 0:
Partitions:
0; 1; 9; 
2; 3; 
4; 13; 
5; 6; 
7; 8; 
10; 11; 12; 
14; 15; 
16; 17; 
18; 19; 
20; 21; 
22; 23; 
24; 25; 
26; 35; 34; 
27; 36; 28; 
29; 30; 
31; 40; 
32; 41; 
33; 42; 
37; 47; 
38; 39; 
43; 44; 
45; 46; 
48; 49; 
50; 59; 
51; 52; 
53; 62; 
54; 63; 
55; 56; 
57; 58; 
60; 61; 
64; 65; 
66; 67; 
68; 69; 
70; 79; 
71; 80; 
72; 73; 
74; 75; 
76; 78; 77; 
81; 82; 
83; 84; 
85; 94; 
86; 87; 
88; 89; 
90; 91; 
92; 93; 
95; 96; 
97; 98; 
Recursion step 1:
Partitions:
0; 5; 1; 
2; 3; 
4; 7; 
6; 10; 
8; 9; 
11; 12; 
13; 14; 
15; 16; 
17; 20; 
18; 19; 
21; 26; 
22; 23; 
24; 25; 
27; 28; 
29; 32; 
30; 35; 
31; 37; 
33; 34; 
36; 39; 
38; 43; 44; 
40; 41; 45; 
42; 46; 
Recursion step 2:
Partitions:
0; 4; 
1; 2; 
3; 5; 
6; 9; 
7; 8; 
10; 13; 
11; 12; 
14; 17; 
15; 16; 
18; 19; 
20; 21; 
Recursion step 3:
