Recursion step 0:
Partitions:
0; 1; 9; 
2; 3; 
4; 13; 
5; 6; 
7; 8; 
10; 11; 12; 
14; 15; 
16; 17; 
18; 19; 
20; 21; 
22; 23; 
24; 25; 
26; 35; 34; 
27; 36; 28; 
29; 30; 
31; 40; 
32; 41; 
33; 42; 
37; 47; 
38; 39; 
43; 44; 
45; 46; 
48; 49; 
50; 59; 
51; 52; 
53; 62; 
54; 63; 
55; 56; 
57; 58; 
60; 61; 
64; 65; 
66; 67; 
68; 69; 
70; 79; 
71; 80; 
72; 73; 
74; 75; 
76; 78; 77; 
81; 82; 
83; 84; 
85; 94; 
86; 87; 
88; 89; 
90; 91; 
92; 93; 
95; 96; 
97; 98; 
Recursion step 1:
Partitions:
0; 5; 1; 
2; 6; 7; 4; 3; 
8; 9; 10; 11; 12; 20; 17; 16; 15; 14; 13; 
18; 19; 
21; 26; 
22; 28; 
23; 24; 
25; 29; 
27; 30; 
31; 37; 32; 
33; 34; 
35; 38; 39; 36; 
40; 41; 45; 
42; 46; 
43; 44; 
Recursion step 2:
Partitions:
0; 1; 
2; 7; 6; 5; 8; 4; 3; 
9; 10; 
11; 14; 
12; 13; 
Recursion step 3:
Partitions:
0; 1; 
2; 3; 4; 
Recursion step 4:
