Recursion step 0:
Partitions:
0; 89; 276; 342; 120; 179; 173; 349; 299; 161; 152; 310; 231; 114; 298; 33; 312; 141; 119; 199; 212; 333; 177; 340; 281; 324; 180; 47; 49; 19; 211; 210; 184; 146; 217; 201; 236; 220; 46; 189; 295; 289; 52; 148; 122; 303; 200; 239; 69; 39; 93; 198; 254; 160; 268; 264; 341; 280; 136; 85; 147; 339; 230; 344; 288; 174; 145; 246; 81; 244; 346; 259; 329; 55; 233; 98; 5; 87; 291; 255; 265; 91; 59; 125; 271; 79; 159; 121; 285; 41; 354; 251; 175; 172; 319; 261; 242; 226; 134; 82; 245; 187; 205; 207; 132; 104; 357; 61; 126; 293; 256; 318; 262; 332; 241; 311; 64; 283; 347; 83; 72; 307; 272; 155; 97; 208; 63; 151; 143; 92; 275; 191; 71; 16; 229; 309; 168; 139; 106; 323; 302; 274; 80; 
1; 86; 165; 170; 45; 7; 345; 94; 222; 316; 224; 117; 249; 76; 
2; 57; 35; 18; 150; 101; 144; 123; 163; 25; 215; 308; 28; 314; 232; 135; 305; 279; 338; 96; 37; 326; 277; 336; 84; 32; 31; 90; 21; 228; 327; 103; 219; 196; 178; 320; 290; 140; 110; 197; 129; 23; 100; 169; 348; 292; 34; 9; 237; 355; 105; 66; 14; 166; 186; 107; 193; 77; 42; 
3; 352; 214; 130; 111; 331; 17; 13; 
4; 44; 306; 351; 99; 51; 78; 102; 300; 167; 56; 247; 127; 67; 95; 36; 29; 206; 204; 60; 164; 218; 74; 223; 138; 113; 317; 225; 11; 6; 15; 284; 330; 243; 235; 202; 
8; 50; 112; 26; 343; 313; 263; 27; 213; 68; 322; 356; 195; 48; 278; 53; 128; 294; 142; 109; 334; 88; 58; 257; 190; 297; 304; 153; 65; 24; 221; 267; 75; 54; 185; 209; 234; 188; 252; 335; 269; 203; 73; 62; 266; 43; 38; 156; 30; 118; 116; 227; 315; 253; 286; 22; 171; 273; 194; 131; 321; 337; 258; 158; 149; 181; 328; 325; 350; 40; 154; 124; 20; 115; 238; 182; 137; 157; 248; 70; 
10; 282; 301; 296; 216; 162; 133; 108; 183; 176; 353; 287; 
12; 240; 192; 250; 
260; 270; 
Recursion step 1:
Partitions:
0; 5; 
1; 2; 
3; 6; 8; 
4; 7; 
Recursion step 2:
Partitions:
0; 1; 
2; 3; 
Recursion step 3:
