Recursion step 0:
Partitions:
0; 6; 61; 210; 161; 84; 236; 199; 74; 109; 281; 280; 250; 173; 115; 77; 18; 140; 240; 291; 239; 88; 54; 19; 203; 107; 53; 293; 156; 4; 247; 296; 313; 309; 273; 318; 148; 275; 274; 306; 89; 51; 46; 99; 322; 11; 238; 56; 23; 146; 113; 52; 215; 60; 160; 172; 186; 55; 83; 187; 170; 317; 316; 87; 159; 208; 268; 80; 227; 253; 223; 37; 118; 211; 25; 285; 272; 127; 42; 49; 241; 190; 68; 233; 20; 8; 263; 184; 264; 114; 304; 48; 124; 260; 105; 97; 82; 75; 92; 47; 93; 284; 225; 251; 258; 151; 297; 69; 278; 128; 174; 182; 14; 141; 198; 112; 70; 200; 189; 169; 248; 214; 76; 176; 163; 212; 29; 21; 320; 91; 202; 310; 312; 73; 10; 295; 311; 289; 303; 188; 143; 220; 17; 26; 287; 62; 307; 305; 181; 147; 142; 290; 226; 283; 72; 266; 254; 175; 116; 58; 102; 224; 101; 131; 149; 205; 95; 252; 45; 302; 216; 32; 139; 217; 301; 136; 191; 230; 129; 
1; 167; 234; 158; 204; 98; 36; 249; 108; 104; 195; 41; 192; 294; 299; 232; 79; 85; 13; 319; 33; 237; 292; 194; 63; 157; 228; 117; 9; 259; 193; 256; 28; 35; 
2; 244; 90; 243; 269; 257; 178; 145; 44; 7; 321; 12; 30; 242; 39; 153; 71; 164; 66; 185; 15; 271; 43; 122; 24; 286; 298; 265; 123; 315; 150; 133; 218; 119; 106; 132; 59; 50; 229; 177; 246; 171; 162; 255; 138; 94; 282; 155; 213; 5; 137; 276; 209; 270; 219; 40; 
3; 183; 111; 57; 103; 38; 197; 100; 154; 267; 262; 65; 221; 
16; 180; 196; 86; 144; 314; 308; 207; 235; 166; 78; 165; 81; 134; 27; 22; 
31; 231; 
34; 152; 126; 135; 179; 201; 
64; 261; 125; 279; 277; 120; 121; 245; 206; 110; 67; 288; 
96; 130; 168; 
222; 300; 
Recursion step 1:
Partitions:
0; 4; 7; 8; 5; 9; 1; 2; 
3; 6; 
Recursion step 2:
