Recursion step 0:
Partitions:
0; 208; 227; 360; 240; 160; 84; 55; 295; 42; 417; 390; 133; 219; 197; 429; 35; 384; 386; 81; 51; 303; 153; 69; 9; 61; 236; 8; 300; 24; 245; 114; 166; 3; 404; 311; 238; 164; 87; 156; 432; 409; 401; 380; 270; 214; 100; 328; 203; 99; 198; 140; 434; 414; 228; 224; 215; 288; 168; 362; 379; 131; 367; 354; 46; 30; 33; 58; 363; 205; 395; 188; 440; 37; 167; 149; 148; 230; 40; 38; 421; 438; 128; 34; 335; 312; 439; 216; 95; 369; 317; 315; 66; 64; 325; 323; 180; 44; 157; 23; 134; 210; 243; 353; 309; 257; 356; 106; 217; 294; 109; 107; 340; 275; 49; 70; 290; 260; 75; 388; 344; 113; 442; 265; 25; 130; 141; 289; 10; 351; 18; 333; 349; 332; 331; 179; 126; 125; 52; 223; 338; 174; 267; 307; 15; 135; 411; 330; 314; 71; 326; 293; 189; 86; 199; 80; 374; 368; 412; 403; 365; 350; 252; 127; 54; 280; 98; 296; 273; 178; 431; 124; 122; 348; 170; 112; 274; 373; 393; 244; 424; 377; 319; 150; 76; 17; 413; 
1; 32; 249; 183; 399; 320; 200; 385; 287; 146; 286; 120; 225; 361; 196; 101; 366; 154; 239; 202; 176; 28; 327; 207; 284; 
2; 276; 19; 396; 251; 376; 313; 371; 209; 116; 345; 62; 159; 298; 250; 47; 143; 132; 57; 163; 279; 103; 72; 74; 39; 420; 111; 36; 370; 416; 7; 268; 261; 259; 218; 387; 90; 301; 242; 262; 186; 171; 162; 94; 253; 310; 191; 213; 89; 177; 292; 119; 144; 359; 278; 271; 68; 50; 22; 372; 305; 264; 255; 6; 65; 256; 398; 364; 375; 304; 165; 419; 415; 382; 192; 102; 430; 182; 137; 78; 321; 123; 67; 14; 342; 283; 302; 21; 31; 222; 4; 247; 233; 173; 121; 53; 27; 281; 269; 43; 91; 220; 185; 378; 347; 248; 16; 13; 
5; 142; 97; 88; 341; 190; 104; 145; 324; 206; 346; 318; 316; 339; 392; 266; 263; 436; 334; 60; 175; 400; 73; 394; 20; 297; 234; 56; 410; 383; 336; 229; 235; 212; 92; 82; 352; 195; 418; 358; 343; 391; 110; 441; 241; 26; 433; 428; 381; 405; 194; 79; 115; 139; 187; 83; 402; 408; 169; 427; 423; 152; 221; 11; 337; 129; 12; 41; 204; 136; 246; 397; 355; 201; 211; 48; 277; 155; 108; 357; 258; 29; 158; 105; 272; 407; 291; 437; 231; 59; 435; 
45; 422; 147; 77; 285; 322; 117; 193; 
63; 425; 232; 151; 85; 306; 282; 226; 161; 138; 181; 172; 237; 
93; 96; 308; 299; 329; 118; 406; 389; 426; 184; 254; 
Recursion step 1:
Partitions:
0; 5; 
1; 6; 3; 2; 4; 
Recursion step 2:
