Recursion step 0:
Partitions:
0; 59; 
1; 88; 22; 
2; 9; 32; 
3; 31; 
4; 60; 
5; 78; 
6; 33; 
7; 68; 
8; 25; 
10; 51; 
11; 13; 84; 
12; 66; 
14; 62; 
15; 44; 
16; 37; 
17; 61; 86; 
18; 53; 
19; 77; 73; 
20; 48; 
21; 40; 
23; 41; 
24; 42; 
26; 91; 
27; 36; 
28; 34; 
29; 47; 
30; 65; 
35; 56; 
38; 95; 
39; 54; 
43; 99; 
45; 55; 
46; 52; 98; 
49; 72; 
50; 82; 89; 
57; 75; 
58; 94; 
63; 90; 
64; 79; 80; 
67; 70; 
69; 71; 
74; 81; 
76; 92; 
83; 87; 
85; 96; 
93; 97; 
Recursion step 1:
Partitions:
0; 7; 
1; 43; 
2; 22; 
3; 41; 18; 
4; 9; 
5; 32; 
6; 19; 
8; 17; 
10; 15; 
11; 44; 12; 
13; 45; 
14; 40; 
16; 23; 
20; 21; 
24; 30; 
25; 38; 
26; 35; 
27; 37; 
28; 29; 
31; 33; 
34; 39; 
36; 42; 
Recursion step 2:
Partitions:
0; 9; 
1; 16; 
2; 7; 
3; 8; 
4; 14; 10; 
5; 17; 
6; 18; 13; 
11; 19; 
12; 21; 
15; 20; 
Recursion step 3:
