Recursion step 0:
Partitions:
0; 8; 200; 
1; 121; 
2; 206; 
3; 168; 
4; 280; 
5; 150; 
6; 340; 
7; 334; 
9; 188; 145; 
10; 362; 99; 
11; 42; 
12; 18; 
13; 140; 
14; 300; 
15; 360; 
16; 185; 
17; 304; 
19; 273; 
20; 29; 
21; 366; 
22; 190; 
23; 239; 
24; 28; 162; 
25; 166; 327; 
26; 125; 
27; 377; 
30; 241; 
31; 58; 
32; 104; 
33; 160; 
34; 205; 
35; 118; 
36; 74; 
37; 238; 
38; 294; 
39; 245; 108; 
40; 342; 70; 
41; 390; 
43; 127; 
44; 255; 
45; 137; 
46; 122; 
47; 252; 123; 
48; 57; 135; 
49; 393; 
50; 164; 237; 
51; 352; 
52; 94; 397; 
53; 399; 288; 
54; 167; 
55; 272; 
56; 178; 
59; 344; 
60; 234; 332; 
61; 328; 
62; 320; 296; 
63; 159; 
64; 83; 
65; 256; 
66; 204; 
67; 319; 
68; 75; 
69; 80; 
71; 322; 
72; 381; 211; 
73; 218; 
76; 283; 198; 
77; 197; 207; 
78; 348; 
79; 227; 225; 
81; 269; 
82; 318; 
84; 158; 
85; 182; 
86; 347; 277; 
87; 243; 251; 
88; 305; 
89; 231; 
90; 148; 
91; 357; 
92; 134; 
93; 240; 
95; 102; 107; 
96; 379; 
97; 287; 
98; 385; 
100; 395; 
101; 382; 
103; 110; 
105; 325; 
106; 195; 
109; 292; 147; 
111; 263; 
112; 141; 
113; 391; 
114; 303; 221; 
115; 389; 
116; 281; 
117; 315; 
119; 246; 128; 
120; 374; 
124; 261; 
126; 184; 152; 
129; 310; 
130; 375; 
131; 331; 271; 
132; 248; 
133; 363; 
136; 299; 
138; 384; 298; 
139; 187; 216; 
142; 369; 
143; 176; 
144; 180; 
146; 370; 
149; 323; 
151; 295; 
153; 278; 
154; 356; 210; 
155; 365; 358; 
156; 338; 
157; 306; 
161; 312; 
163; 172; 
165; 367; 
169; 217; 
170; 293; 
171; 266; 
173; 380; 
174; 228; 258; 
175; 220; 
177; 308; 
179; 191; 
181; 232; 
183; 270; 
186; 311; 
189; 307; 
192; 337; 
193; 302; 
194; 313; 
196; 368; 
199; 330; 
201; 284; 213; 
202; 274; 
203; 209; 
208; 264; 
212; 229; 341; 
214; 226; 
215; 335; 
219; 230; 290; 
222; 387; 
223; 244; 
224; 260; 
233; 394; 
235; 262; 
236; 257; 
242; 339; 
247; 317; 354; 
249; 268; 
250; 349; 
253; 361; 
254; 265; 
259; 279; 
267; 316; 
275; 396; 
276; 321; 350; 
282; 371; 
285; 346; 
286; 314; 
289; 351; 
291; 373; 
297; 383; 
301; 324; 
309; 333; 
326; 343; 
329; 386; 
336; 376; 
345; 378; 
353; 359; 
355; 388; 
364; 398; 
372; 392; 
Recursion step 1:
Partitions:
0; 3; 
1; 109; 145; 
2; 14; 
4; 64; 
5; 43; 
6; 61; 
7; 38; 
8; 181; 
9; 52; 
10; 104; 24; 
11; 171; 
12; 46; 
13; 18; 
15; 123; 163; 
16; 133; 
17; 124; 
19; 58; 
20; 42; 
21; 84; 
22; 141; 
23; 99; 
25; 158; 
26; 101; 
27; 151; 
28; 138; 
29; 39; 
30; 41; 
31; 134; 
32; 89; 70; 
33; 106; 
34; 95; 
35; 49; 92; 
36; 102; 
37; 90; 
40; 172; 
44; 116; 
45; 75; 
47; 140; 
48; 153; 66; 
50; 108; 
51; 147; 
53; 62; 81; 
54; 160; 
55; 125; 
56; 98; 
57; 128; 
59; 76; 
60; 164; 86; 
63; 117; 
65; 180; 110; 
67; 112; 
68; 122; 
69; 162; 176; 
71; 78; 
72; 119; 136; 
73; 166; 
74; 135; 
77; 100; 
79; 143; 120; 
80; 161; 
82; 178; 
83; 137; 
85; 88; 
87; 152; 
91; 174; 
93; 159; 
94; 168; 
96; 105; 
97; 148; 
103; 121; 
107; 127; 
111; 173; 
113; 129; 
114; 169; 
115; 126; 
118; 154; 
130; 150; 
131; 142; 
132; 144; 
139; 175; 
146; 177; 
149; 157; 
155; 167; 
156; 179; 
165; 170; 
Recursion step 2:
Partitions:
0; 30; 
1; 60; 
2; 7; 
3; 59; 
4; 80; 
5; 44; 
6; 61; 
8; 42; 23; 
9; 43; 
10; 18; 
11; 22; 52; 
12; 33; 
13; 46; 
14; 49; 
15; 40; 
16; 73; 
17; 26; 
19; 45; 37; 
20; 68; 
21; 76; 
24; 74; 
25; 82; 77; 
27; 48; 
28; 62; 
29; 31; 
32; 66; 
34; 55; 
35; 53; 
36; 63; 
38; 75; 
39; 58; 
41; 70; 
47; 65; 
50; 84; 
51; 72; 57; 
54; 78; 
56; 83; 
64; 69; 
67; 79; 
71; 81; 
Recursion step 3:
Partitions:
0; 21; 
1; 30; 
2; 38; 3; 
4; 22; 
5; 11; 
6; 24; 
7; 37; 
8; 20; 
9; 18; 
10; 19; 
12; 29; 
13; 27; 
14; 15; 
16; 32; 
17; 36; 
23; 39; 
25; 28; 
26; 31; 33; 
34; 35; 
Recursion step 4:
Partitions:
0; 10; 8; 
1; 13; 6; 
2; 9; 
3; 4; 
5; 11; 
7; 17; 
12; 15; 
14; 18; 16; 
Recursion step 5:
Partitions:
0; 7; 
1; 3; 
2; 6; 
4; 5; 
Recursion step 6:
Partitions:
0; 1; 
2; 3; 
Recursion step 7:
