Recursion step 0:
Partitions:
0; 557; 556; 
1; 956; 957; 
2; 1024; 
3; 992; 91; 
4; 1058; 
5; 93; 994; 
6; 8; 7; 
9; 10; 
11; 12; 
13; 14; 15; 
16; 17; 
18; 19; 
20; 21; 
22; 1186; 
23; 337; 336; 
24; 593; 
25; 1200; 
26; 595; 
27; 63; 596; 
28; 1037; 
29; 598; 
30; 34; 
31; 116; 
32; 117; 
33; 118; 
35; 418; 
36; 331; 
37; 436; 
38; 39; 
40; 43; 
41; 881; 
42; 822; 
44; 45; 
46; 47; 
48; 49; 
50; 51; 52; 
53; 389; 
54; 108; 
55; 56; 
57; 59; 58; 
60; 599; 
61; 470; 
62; 570; 
64; 597; 
65; 111; 
66; 67; 68; 
69; 246; 
70; 895; 
71; 1003; 
72; 1004; 
73; 393; 
74; 75; 
76; 77; 
78; 1075; 
79; 288; 
80; 548; 
81; 955; 
82; 83; 
84; 85; 
86; 87; 
88; 89; 
90; 991; 
92; 993; 
94; 902; 786; 
95; 787; 903; 
96; 841; 
97; 99; 98; 
100; 101; 
102; 104; 103; 
105; 106; 107; 
109; 1201; 434; 
110; 435; 
112; 1217; 
113; 466; 
114; 115; 
119; 202; 
120; 719; 718; 
121; 619; 620; 
122; 1054; 
123; 853; 938; 
124; 125; 
126; 128; 127; 
129; 130; 
131; 132; 
133; 134; 
135; 136; 
137; 138; 
139; 140; 
141; 142; 
143; 1215; 
144; 145; 
146; 160; 
147; 161; 
148; 162; 
149; 163; 
150; 164; 
151; 175; 
152; 632; 
153; 735; 
154; 684; 
155; 156; 
157; 158; 159; 
165; 725; 
166; 627; 
167; 753; 
168; 828; 
169; 698; 
170; 171; 
172; 173; 
174; 1196; 
176; 177; 
178; 365; 
179; 888; 
180; 658; 
181; 182; 
183; 184; 
185; 186; 
187; 188; 
189; 190; 
191; 192; 
193; 642; 
194; 643; 
195; 644; 
196; 650; 
197; 616; 
198; 228; 
199; 652; 
200; 201; 
203; 204; 
205; 206; 
207; 208; 
209; 210; 
211; 212; 
213; 215; 
214; 645; 
216; 217; 
218; 1218; 
219; 233; 
220; 531; 
221; 234; 
222; 235; 
223; 236; 
224; 237; 
225; 238; 
226; 239; 
227; 240; 
229; 357; 
230; 1232; 
231; 232; 
241; 449; 
242; 450; 
243; 451; 
244; 452; 
245; 1053; 
247; 897; 
248; 898; 
249; 344; 
250; 519; 
251; 850; 
252; 253; 254; 
255; 256; 
257; 1299; 
258; 678; 500; 
259; 805; 679; 
260; 680; 806; 
261; 503; 394; 
262; 968; 
263; 934; 
264; 765; 
265; 935; 
266; 936; 
267; 649; 
268; 269; 1211; 
270; 272; 271; 
273; 274; 
275; 276; 277; 
278; 1266; 
279; 547; 
280; 775; 
281; 1159; 
282; 1095; 
283; 772; 
284; 1137; 
285; 1010; 
286; 287; 
289; 291; 290; 
292; 293; 
294; 295; 
296; 297; 
298; 299; 
300; 301; 
302; 303; 
304; 305; 
306; 307; 
308; 309; 
310; 312; 311; 
313; 445; 516; 
314; 411; 
315; 420; 
316; 317; 
318; 915; 
319; 537; 916; 
320; 766; 538; 
321; 917; 539; 
322; 918; 540; 
323; 1220; 
324; 380; 
325; 985; 
326; 382; 
327; 774; 
328; 1033; 1276; 
329; 821; 
330; 667; 
332; 333; 
334; 335; 
338; 339; 
340; 341; 
342; 343; 
345; 347; 346; 
348; 349; 
350; 351; 
352; 353; 
354; 355; 
356; 424; 
358; 1297; 
359; 360; 
361; 362; 
363; 364; 
366; 367; 
368; 764; 
369; 951; 
370; 967; 952; 
371; 863; 1085; 
372; 864; 
373; 741; 
374; 707; 
375; 862; 
376; 536; 
377; 872; 982; 
378; 983; 873; 
379; 874; 984; 
381; 1088; 
383; 384; 
385; 386; 
387; 388; 
390; 391; 392; 
395; 505; 
396; 517; 
397; 496; 
398; 497; 
399; 498; 
400; 419; 
401; 1025; 
402; 404; 403; 
405; 406; 
407; 408; 
409; 410; 
412; 413; 
414; 415; 
416; 444; 
417; 1135; 
421; 858; 
422; 473; 
423; 904; 
425; 928; 
426; 1089; 
427; 1090; 
428; 1091; 
429; 485; 
430; 468; 
431; 810; 
432; 568; 1027; 
433; 569; 
437; 880; 1230; 
438; 914; 
439; 823; 
440; 668; 
441; 1145; 
442; 443; 
446; 1182; 
447; 927; 
448; 1209; 
453; 565; 831; 
454; 1111; 
455; 1061; 
456; 566; 
457; 530; 567; 
458; 1115; 
459; 1116; 
460; 919; 
461; 920; 
462; 836; 
463; 921; 
464; 1114; 
465; 1146; 
467; 494; 
469; 811; 
471; 1163; 
472; 509; 1036; 
474; 665; 666; 
475; 990; 
476; 1153; 
477; 681; 
478; 615; 
479; 682; 
480; 1179; 
481; 501; 
482; 502; 
483; 929; 
484; 930; 504; 
486; 1144; 
487; 488; 
489; 491; 490; 
492; 493; 
495; 1188; 
499; 677; 
506; 1026; 
507; 589; 
508; 807; 
510; 1068; 
511; 844; 
512; 845; 
513; 857; 
514; 824; 
515; 669; 670; 
518; 949; 671; 
520; 851; 1208; 
521; 1292; 
522; 804; 
523; 907; 
524; 908; 
525; 600; 
526; 601; 
527; 602; 1062; 
528; 529; 
532; 894; 
533; 740; 
534; 706; 
535; 861; 1214; 
541; 542; 
543; 544; 
545; 546; 
549; 1216; 
550; 551; 
552; 553; 
554; 555; 
558; 559; 
560; 561; 
562; 563; 564; 
571; 996; 
572; 997; 
573; 998; 
574; 592; 
575; 1175; 
576; 1155; 
577; 1174; 
578; 813; 829; 
579; 581; 580; 
582; 639; 
583; 762; 
584; 1199; 
585; 1192; 586; 
587; 588; 
590; 1193; 591; 
594; 1185; 
603; 1165; 
604; 1050; 
605; 1038; 
606; 1051; 
607; 1195; 
608; 609; 610; 
611; 612; 
613; 614; 
617; 618; 
621; 622; 
623; 624; 
625; 626; 
628; 629; 
630; 631; 
633; 634; 
635; 636; 
637; 638; 
640; 641; 
646; 693; 
647; 648; 
651; 1124; 
653; 1253; 
654; 1039; 
655; 1070; 
656; 1117; 
657; 1118; 
659; 779; 1121; 
660; 1120; 900; 
661; 816; 
662; 782; 879; 
663; 664; 
672; 950; 
673; 756; 726; 
674; 890; 727; 
675; 683; 
676; 946; 
685; 686; 
687; 688; 
689; 690; 
691; 692; 
694; 1198; 
695; 696; 697; 
699; 700; 
701; 702; 
703; 761; 
704; 705; 
708; 1259; 
709; 882; 1087; 
710; 883; 
711; 742; 743; 
712; 1189; 
713; 715; 714; 
716; 717; 
720; 721; 
722; 723; 724; 
728; 889; 
729; 1205; 
730; 803; 
731; 960; 
732; 963; 
733; 1000; 
734; 1275; 
736; 737; 
738; 739; 
744; 745; 
746; 747; 
748; 1028; 
749; 750; 
751; 752; 
754; 755; 
757; 758; 
759; 760; 
763; 1197; 
767; 768; 
769; 770; 771; 
773; 1273; 
776; 1158; 
777; 1096; 
778; 964; 
780; 1122; 
781; 815; 
783; 784; 
785; 901; 
788; 1047; 
789; 840; 
790; 1255; 1048; 
791; 893; 
792; 1110; 
793; 912; 
794; 839; 
795; 1119; 
796; 931; 
797; 830; 
798; 932; 
799; 933; 
800; 801; 
802; 1263; 
808; 1035; 
809; 827; 
812; 987; 
814; 1032; 
817; 818; 
819; 820; 
825; 826; 
832; 833; 
834; 835; 
837; 838; 
842; 843; 
846; 847; 
848; 865; 
849; 1207; 
852; 937; 
854; 1184; 
855; 1300; 1301; 
856; 1071; 
859; 1031; 
860; 1151; 
866; 1239; 
867; 1249; 
868; 981; 
869; 1097; 
870; 1139; 
871; 1012; 
875; 1022; 
876; 1160; 
877; 923; 
878; 924; 
884; 1044; 
885; 971; 1045; 
886; 972; 1046; 
887; 1007; 973; 
891; 892; 
896; 1069; 
899; 1281; 
905; 1290; 
906; 1002; 
909; 1056; 
910; 925; 
911; 926; 
913; 1231; 
922; 1109; 
939; 1177; 
940; 941; 
942; 943; 
944; 945; 
947; 1034; 
948; 1060; 
953; 954; 
958; 959; 
961; 980; 
962; 1023; 
965; 976; 
966; 977; 
969; 1084; 
970; 1125; 
974; 1074; 
975; 988; 
978; 1138; 
979; 1011; 
986; 1029; 
989; 1223; 
995; 1059; 1078; 
999; 1228; 
1001; 1288; 
1005; 1006; 
1008; 1009; 
1013; 1014; 
1015; 1016; 
1017; 1238; 1229; 
1018; 1235; 
1019; 1057; 
1020; 1140; 1141; 
1021; 1092; 
1030; 1073; 
1040; 1041; 
1042; 1043; 
1049; 1234; 
1052; 1194; 
1055; 1072; 
1063; 1237; 
1064; 1104; 
1065; 1171; 1123; 
1066; 1102; 
1067; 1103; 
1076; 1241; 1240; 
1077; 1242; 
1079; 1080; 
1081; 1082; 
1083; 1245; 
1086; 1248; 
1093; 1094; 
1098; 1099; 
1100; 1101; 
1105; 1106; 
1107; 1108; 
1112; 1169; 
1113; 1170; 
1126; 1136; 
1127; 1157; 1161; 
1128; 1257; 
1129; 1130; 
1131; 1132; 
1133; 1134; 
1142; 1143; 
1147; 1258; 
1148; 1164; 
1149; 1261; 1150; 
1152; 1282; 
1154; 1284; 
1156; 1183; 
1162; 1256; 
1166; 1168; 
1167; 1172; 
1173; 1277; 
1176; 1178; 1286; 
1180; 1181; 
1187; 1222; 
1190; 1251; 
1191; 1213; 
1202; 1274; 
1203; 1236; 
1204; 1221; 
1206; 1278; 
1210; 1267; 
1212; 1252; 
1219; 1260; 
1224; 1262; 
1225; 1226; 
1227; 1233; 
1243; 1285; 
1244; 1250; 
1246; 1247; 
1254; 1283; 
1264; 1265; 
1268; 1269; 
1270; 1287; 
1271; 1272; 
1279; 1280; 
1289; 1291; 
1293; 1294; 
1295; 1296; 
1298; 1303; 1302; 
Recursion step 1:
Partitions:
0; 6; 
1; 591; 
2; 61; 534; 
3; 535; 
4; 62; 
5; 531; 
7; 8; 
9; 10; 
11; 572; 
12; 196; 
13; 570; 424; 
14; 214; 
15; 527; 271; 
16; 352; 
17; 541; 
18; 349; 366; 
19; 367; 
20; 497; 368; 
21; 314; 73; 
22; 456; 
23; 295; 
24; 585; 
25; 269; 
26; 213; 
27; 321; 473; 
28; 29; 
30; 274; 
31; 275; 
32; 33; 34; 
35; 270; 
36; 245; 44; 
37; 415; 
38; 319; 
39; 40; 
41; 317; 
42; 593; 
43; 350; 
45; 46; 
47; 500; 
48; 329; 
49; 50; 
51; 52; 
53; 483; 
54; 184; 
55; 177; 
56; 57; 
58; 59; 60; 
63; 452; 
64; 263; 
65; 449; 
66; 67; 
68; 69; 
70; 592; 
71; 298; 
72; 426; 584; 
74; 460; 285; 
75; 127; 
76; 417; 
77; 374; 
78; 476; 
79; 529; 
80; 81; 
82; 83; 
84; 85; 
86; 88; 87; 
89; 90; 134; 
91; 119; 
92; 120; 
93; 121; 
94; 410; 
95; 118; 
96; 110; 
97; 379; 
98; 435; 
99; 401; 
100; 597; 
101; 117; 116; 
102; 107; 
103; 378; 377; 
104; 434; 
105; 521; 
106; 407; 
108; 109; 
111; 228; 
112; 465; 
113; 153; 
114; 115; 
122; 141; 
123; 144; 
124; 373; 
125; 385; 
126; 146; 
128; 129; 
130; 131; 
132; 133; 
135; 136; 
137; 601; 
138; 233; 
139; 335; 
140; 336; 234; 
142; 338; 236; 
143; 480; 
145; 223; 
147; 148; 386; 
149; 387; 
150; 388; 
151; 389; 
152; 308; 
154; 155; 474; 
156; 218; 
157; 371; 
158; 326; 
159; 160; 
161; 305; 315; 
162; 328; 
163; 306; 
164; 330; 
165; 307; 
166; 200; 
167; 201; 
168; 202; 
169; 203; 230; 
170; 204; 
171; 172; 
173; 174; 
175; 176; 
178; 512; 
179; 441; 
180; 442; 
181; 443; 
182; 522; 
183; 523; 
185; 186; 
187; 188; 
189; 190; 
191; 192; 
193; 590; 
194; 195; 
197; 257; 258; 259; 278; 256; 348; 
198; 566; 
199; 279; 
205; 516; 
206; 549; 550; 
207; 489; 
208; 345; 344; 
209; 520; 
210; 261; 
211; 262; 
212; 242; 
215; 416; 
216; 217; 
219; 220; 
221; 222; 
224; 225; 226; 227; 606; 
229; 383; 
231; 360; 404; 
232; 554; 412; 
235; 337; 
237; 339; 
238; 485; 517; 
239; 486; 
240; 487; 
241; 526; 
243; 244; 
246; 309; 
247; 586; 
248; 325; 
249; 303; 372; 
250; 396; 
251; 553; 
252; 571; 
253; 255; 254; 
260; 567; 
264; 304; 
265; 598; 
266; 525; 
267; 300; 
268; 311; 
272; 363; 
273; 504; 
276; 324; 
277; 310; 
280; 302; 
281; 583; 
282; 457; 
283; 458; 
284; 459; 
286; 546; 
287; 602; 490; 
288; 491; 
289; 560; 
290; 561; 
291; 470; 
292; 559; 
293; 505; 
294; 569; 
296; 316; 
297; 599; 318; 
299; 447; 
301; 573; 
312; 313; 
320; 472; 
322; 510; 462; 
323; 468; 463; 
327; 603; 499; 
331; 469; 
332; 558; 
333; 544; 
334; 545; 
340; 341; 
342; 343; 
346; 513; 
347; 423; 
351; 364; 
353; 574; 
354; 355; 
356; 524; 
357; 496; 451; 
358; 382; 384; 437; 359; 
361; 362; 
365; 582; 
369; 370; 
375; 376; 
380; 381; 
390; 477; 506; 
391; 498; 
392; 444; 
393; 445; 
394; 395; 
397; 398; 
399; 408; 
400; 509; 420; 
402; 403; 
405; 406; 
409; 436; 
411; 414; 
413; 563; 
418; 419; 
421; 587; 
422; 461; 
425; 511; 
427; 428; 
429; 430; 
431; 481; 
432; 433; 
438; 439; 
440; 482; 
446; 502; 
448; 453; 
450; 455; 
454; 471; 
464; 538; 
466; 467; 
475; 542; 
478; 605; 
479; 543; 
484; 515; 
488; 514; 
492; 575; 519; 
493; 555; 
494; 562; 
495; 530; 
501; 578; 
503; 589; 
507; 508; 
518; 596; 
528; 600; 
532; 533; 
536; 568; 
537; 551; 
539; 540; 
547; 576; 
548; 577; 
552; 594; 
556; 557; 
564; 565; 
579; 595; 
580; 604; 
581; 588; 
Recursion step 2:
Partitions:
0; 134; 
1; 2; 
3; 175; 274; 
4; 268; 
5; 267; 
6; 135; 136; 137; 7; 
8; 140; 
9; 214; 
10; 200; 41; 
11; 149; 
12; 196; 
13; 37; 
14; 35; 
15; 16; 
17; 39; 40; 
18; 22; 
19; 55; 
20; 184; 
21; 239; 
23; 24; 
25; 28; 
26; 202; 
27; 147; 148; 180; 163; 
29; 51; 
30; 33; 
31; 213; 
32; 203; 
34; 219; 
36; 53; 
38; 204; 266; 
42; 246; 
43; 235; 242; 
44; 209; 
45; 210; 
46; 144; 
47; 263; 
48; 248; 
49; 250; 201; 
50; 198; 
52; 197; 
54; 238; 
56; 101; 
57; 88; 
58; 89; 
59; 90; 
60; 233; 
61; 85; 
62; 63; 
64; 75; 
65; 123; 
66; 97; 
67; 98; 
68; 87; 
69; 241; 
70; 76; 
71; 82; 
72; 73; 
74; 229; 
77; 237; 
78; 222; 
79; 80; 
81; 230; 
83; 153; 
84; 217; 
86; 231; 
91; 173; 
92; 93; 
94; 95; 
96; 156; 
99; 157; 
100; 158; 
102; 167; 
103; 183; 
104; 254; 277; 
105; 106; 
107; 117; 
108; 166; 
109; 150; 
110; 221; 
111; 168; 
112; 164; 
113; 114; 
115; 116; 
118; 119; 
120; 154; 
121; 122; 
124; 258; 
125; 126; 
127; 141; 
128; 129; 
130; 131; 
132; 133; 
138; 171; 
139; 172; 
142; 257; 
143; 256; 
145; 236; 
146; 179; 
151; 152; 
155; 232; 
159; 278; 
160; 161; 
162; 276; 269; 
165; 182; 
169; 273; 
170; 174; 
176; 181; 
177; 265; 
178; 240; 253; 
185; 186; 
187; 189; 
188; 225; 
190; 191; 
192; 205; 
193; 194; 249; 
195; 275; 
199; 215; 
206; 207; 
208; 272; 
211; 212; 
216; 270; 
218; 223; 234; 
220; 271; 
224; 264; 
226; 262; 
227; 252; 
228; 247; 
243; 244; 
245; 259; 
251; 255; 
260; 261; 
Recursion step 3:
Partitions:
0; 5; 
1; 119; 
2; 105; 
3; 4; 
6; 7; 
8; 107; 
9; 10; 
11; 25; 
12; 39; 
13; 28; 
14; 82; 
15; 40; 
16; 110; 122; 
17; 113; 
18; 109; 
19; 37; 
20; 23; 
21; 97; 
22; 38; 
24; 26; 
27; 108; 
29; 81; 
30; 96; 
31; 91; 
32; 87; 
33; 34; 
35; 36; 
41; 42; 
43; 44; 
45; 61; 
46; 72; 80; 
47; 48; 
49; 86; 
50; 68; 
51; 52; 69; 
53; 64; 
54; 70; 
55; 66; 
56; 57; 
58; 59; 
60; 127; 
62; 63; 
65; 79; 
67; 84; 83; 
71; 98; 
73; 120; 
74; 75; 
76; 103; 
77; 78; 
85; 130; 
88; 100; 
89; 128; 
90; 101; 
92; 116; 
93; 106; 115; 
94; 95; 
99; 121; 
102; 104; 
111; 124; 
112; 118; 
114; 117; 
123; 129; 
125; 126; 
Recursion step 4:
Partitions:
0; 1; 
2; 53; 
3; 54; 
4; 5; 
6; 48; 
7; 19; 
8; 9; 
10; 21; 
11; 12; 
13; 14; 60; 
15; 16; 
17; 58; 
18; 62; 
20; 42; 
22; 33; 
23; 25; 24; 
26; 59; 
27; 44; 
28; 29; 40; 
30; 47; 
31; 35; 
32; 43; 
34; 36; 
37; 39; 
38; 56; 
41; 45; 
46; 61; 
49; 52; 
50; 51; 
55; 57; 
Recursion step 5:
Partitions:
0; 15; 
1; 2; 
3; 29; 
4; 13; 
5; 12; 
6; 7; 
8; 11; 
9; 10; 16; 
14; 22; 20; 26; 25; 
17; 19; 
18; 23; 
21; 28; 
24; 27; 
Recursion step 6:
