Recursion step 0:
Partitions:
0; 557; 556; 
1; 956; 957; 
2; 1024; 
3; 992; 91; 
4; 1058; 
5; 93; 994; 
6; 8; 7; 
9; 10; 
11; 12; 
13; 14; 15; 
16; 17; 
18; 19; 
20; 21; 
22; 1186; 
23; 337; 336; 
24; 593; 
25; 1200; 
26; 595; 
27; 63; 596; 
28; 1037; 
29; 598; 
30; 34; 
31; 116; 
32; 117; 
33; 118; 
35; 418; 
36; 331; 
37; 436; 
38; 39; 
40; 43; 
41; 881; 
42; 822; 
44; 45; 
46; 47; 
48; 49; 
50; 51; 52; 
53; 389; 
54; 108; 
55; 56; 
57; 59; 58; 
60; 599; 
61; 470; 
62; 570; 
64; 597; 
65; 111; 
66; 67; 68; 
69; 246; 
70; 895; 
71; 1003; 
72; 1004; 
73; 393; 
74; 75; 
76; 77; 
78; 1075; 
79; 288; 
80; 548; 
81; 955; 
82; 83; 
84; 85; 
86; 87; 
88; 89; 
90; 991; 
92; 993; 
94; 902; 786; 
95; 787; 903; 
96; 841; 
97; 99; 98; 
100; 101; 
102; 104; 103; 
105; 106; 107; 
109; 1201; 434; 
110; 435; 
112; 1217; 
113; 466; 
114; 115; 
119; 202; 
120; 719; 718; 
121; 619; 620; 
122; 1054; 
123; 853; 938; 
124; 125; 
126; 128; 127; 
129; 130; 
131; 132; 
133; 134; 
135; 136; 
137; 138; 
139; 140; 
141; 142; 
143; 1215; 
144; 145; 
146; 160; 
147; 161; 
148; 162; 
149; 163; 
150; 164; 
151; 175; 
152; 632; 
153; 735; 
154; 684; 
155; 156; 
157; 158; 159; 
165; 725; 
166; 627; 
167; 753; 
168; 828; 
169; 698; 
170; 171; 
172; 173; 
174; 1196; 
176; 177; 
178; 365; 
179; 888; 
180; 658; 
181; 182; 
183; 184; 
185; 186; 
187; 188; 
189; 190; 
191; 192; 
193; 642; 
194; 643; 
195; 644; 
196; 650; 
197; 616; 
198; 228; 
199; 652; 
200; 201; 
203; 204; 
205; 206; 
207; 208; 
209; 210; 
211; 212; 
213; 215; 
214; 645; 
216; 217; 
218; 1218; 
219; 233; 
220; 531; 
221; 234; 
222; 235; 
223; 236; 
224; 237; 
225; 238; 
226; 239; 
227; 240; 
229; 357; 
230; 1232; 
231; 232; 
241; 449; 
242; 450; 
243; 451; 
244; 452; 
245; 1053; 
247; 897; 
248; 898; 
249; 344; 
250; 519; 
251; 850; 
252; 253; 254; 
255; 256; 
257; 1299; 
258; 678; 500; 
259; 805; 679; 
260; 680; 806; 
261; 503; 394; 
262; 968; 
263; 934; 
264; 765; 
265; 935; 
266; 936; 
267; 649; 
268; 269; 1211; 
270; 272; 271; 
273; 274; 
275; 276; 277; 
278; 1266; 
279; 547; 
280; 775; 
281; 1159; 
282; 1095; 
283; 772; 
284; 1137; 
285; 1010; 
286; 287; 
289; 291; 290; 
292; 293; 
294; 295; 
296; 297; 
298; 299; 
300; 301; 
302; 303; 
304; 305; 
306; 307; 
308; 309; 
310; 312; 311; 
313; 445; 516; 
314; 411; 
315; 420; 
316; 317; 
318; 915; 
319; 537; 916; 
320; 766; 538; 
321; 917; 539; 
322; 918; 540; 
323; 1220; 
324; 380; 
325; 985; 
326; 382; 
327; 774; 
328; 1033; 1276; 
329; 821; 
330; 667; 
332; 333; 
334; 335; 
338; 339; 
340; 341; 
342; 343; 
345; 347; 346; 
348; 349; 
350; 351; 
352; 353; 
354; 355; 
356; 424; 
358; 1297; 
359; 360; 
361; 362; 
363; 364; 
366; 367; 
368; 764; 
369; 951; 
370; 967; 952; 
371; 863; 1085; 
372; 864; 
373; 741; 
374; 707; 
375; 862; 
376; 536; 
377; 872; 982; 
378; 983; 873; 
379; 874; 984; 
381; 1088; 
383; 384; 
385; 386; 
387; 388; 
390; 391; 392; 
395; 505; 
396; 517; 
397; 496; 
398; 497; 
399; 498; 
400; 419; 
401; 1025; 
402; 404; 403; 
405; 406; 
407; 408; 
409; 410; 
412; 413; 
414; 415; 
416; 444; 
417; 1135; 
421; 858; 
422; 473; 
423; 904; 
425; 928; 
426; 1089; 
427; 1090; 
428; 1091; 
429; 485; 
430; 468; 
431; 810; 
432; 568; 1027; 
433; 569; 
437; 880; 1230; 
438; 914; 
439; 823; 
440; 668; 
441; 1145; 
442; 443; 
446; 1182; 
447; 927; 
448; 1209; 
453; 565; 831; 
454; 1111; 
455; 1061; 
456; 566; 
457; 530; 567; 
458; 1115; 
459; 1116; 
460; 919; 
461; 920; 
462; 836; 
463; 921; 
464; 1114; 
465; 1146; 
467; 494; 
469; 811; 
471; 1163; 
472; 509; 1036; 
474; 665; 666; 
475; 990; 
476; 1153; 
477; 681; 
478; 615; 
479; 682; 
480; 1179; 
481; 501; 
482; 502; 
483; 929; 
484; 930; 504; 
486; 1144; 
487; 488; 
489; 491; 490; 
492; 493; 
495; 1188; 
499; 677; 
506; 1026; 
507; 589; 
508; 807; 
510; 1068; 
511; 844; 
512; 845; 
513; 857; 
514; 824; 
515; 669; 670; 
518; 949; 671; 
520; 851; 1208; 
521; 1292; 
522; 804; 
523; 907; 
524; 908; 
525; 600; 
526; 601; 
527; 602; 1062; 
528; 529; 
532; 894; 
533; 740; 
534; 706; 
535; 861; 1214; 
541; 542; 
543; 544; 
545; 546; 
549; 1216; 
550; 551; 
552; 553; 
554; 555; 
558; 559; 
560; 561; 
562; 563; 564; 
571; 996; 
572; 997; 
573; 998; 
574; 592; 
575; 1175; 
576; 1155; 
577; 1174; 
578; 813; 829; 
579; 581; 580; 
582; 639; 
583; 762; 
584; 1199; 
585; 1192; 586; 
587; 588; 
590; 1193; 591; 
594; 1185; 
603; 1165; 
604; 1050; 
605; 1038; 
606; 1051; 
607; 1195; 
608; 609; 610; 
611; 612; 
613; 614; 
617; 618; 
621; 622; 
623; 624; 
625; 626; 
628; 629; 
630; 631; 
633; 634; 
635; 636; 
637; 638; 
640; 641; 
646; 693; 
647; 648; 
651; 1124; 
653; 1253; 
654; 1039; 
655; 1070; 
656; 1117; 
657; 1118; 
659; 779; 1121; 
660; 1120; 900; 
661; 816; 
662; 782; 879; 
663; 664; 
672; 950; 
673; 756; 726; 
674; 890; 727; 
675; 683; 
676; 946; 
685; 686; 
687; 688; 
689; 690; 
691; 692; 
694; 1198; 
695; 696; 697; 
699; 700; 
701; 702; 
703; 761; 
704; 705; 
708; 1259; 
709; 882; 1087; 
710; 883; 
711; 742; 743; 
712; 1189; 
713; 715; 714; 
716; 717; 
720; 721; 
722; 723; 724; 
728; 889; 
729; 1205; 
730; 803; 
731; 960; 
732; 963; 
733; 1000; 
734; 1275; 
736; 737; 
738; 739; 
744; 745; 
746; 747; 
748; 1028; 
749; 750; 
751; 752; 
754; 755; 
757; 758; 
759; 760; 
763; 1197; 
767; 768; 
769; 770; 771; 
773; 1273; 
776; 1158; 
777; 1096; 
778; 964; 
780; 1122; 
781; 815; 
783; 784; 
785; 901; 
788; 1047; 
789; 840; 
790; 1255; 1048; 
791; 893; 
792; 1110; 
793; 912; 
794; 839; 
795; 1119; 
796; 931; 
797; 830; 
798; 932; 
799; 933; 
800; 801; 
802; 1263; 
808; 1035; 
809; 827; 
812; 987; 
814; 1032; 
817; 818; 
819; 820; 
825; 826; 
832; 833; 
834; 835; 
837; 838; 
842; 843; 
846; 847; 
848; 865; 
849; 1207; 
852; 937; 
854; 1184; 
855; 1300; 1301; 
856; 1071; 
859; 1031; 
860; 1151; 
866; 1239; 
867; 1249; 
868; 981; 
869; 1097; 
870; 1139; 
871; 1012; 
875; 1022; 
876; 1160; 
877; 923; 
878; 924; 
884; 1044; 
885; 971; 1045; 
886; 972; 1046; 
887; 1007; 973; 
891; 892; 
896; 1069; 
899; 1281; 
905; 1290; 
906; 1002; 
909; 1056; 
910; 925; 
911; 926; 
913; 1231; 
922; 1109; 
939; 1177; 
940; 941; 
942; 943; 
944; 945; 
947; 1034; 
948; 1060; 
953; 954; 
958; 959; 
961; 980; 
962; 1023; 
965; 976; 
966; 977; 
969; 1084; 
970; 1125; 
974; 1074; 
975; 988; 
978; 1138; 
979; 1011; 
986; 1029; 
989; 1223; 
995; 1059; 1078; 
999; 1228; 
1001; 1288; 
1005; 1006; 
1008; 1009; 
1013; 1014; 
1015; 1016; 
1017; 1238; 1229; 
1018; 1235; 
1019; 1057; 
1020; 1140; 1141; 
1021; 1092; 
1030; 1073; 
1040; 1041; 
1042; 1043; 
1049; 1234; 
1052; 1194; 
1055; 1072; 
1063; 1237; 
1064; 1104; 
1065; 1171; 1123; 
1066; 1102; 
1067; 1103; 
1076; 1241; 1240; 
1077; 1242; 
1079; 1080; 
1081; 1082; 
1083; 1245; 
1086; 1248; 
1093; 1094; 
1098; 1099; 
1100; 1101; 
1105; 1106; 
1107; 1108; 
1112; 1169; 
1113; 1170; 
1126; 1136; 
1127; 1157; 1161; 
1128; 1257; 
1129; 1130; 
1131; 1132; 
1133; 1134; 
1142; 1143; 
1147; 1258; 
1148; 1164; 
1149; 1261; 1150; 
1152; 1282; 
1154; 1284; 
1156; 1183; 
1162; 1256; 
1166; 1168; 
1167; 1172; 
1173; 1277; 
1176; 1178; 1286; 
1180; 1181; 
1187; 1222; 
1190; 1251; 
1191; 1213; 
1202; 1274; 
1203; 1236; 
1204; 1221; 
1206; 1278; 
1210; 1267; 
1212; 1252; 
1219; 1260; 
1224; 1262; 
1225; 1226; 
1227; 1233; 
1243; 1285; 
1244; 1250; 
1246; 1247; 
1254; 1283; 
1264; 1265; 
1268; 1269; 
1270; 1287; 
1271; 1272; 
1279; 1280; 
1289; 1291; 
1293; 1294; 
1295; 1296; 
1298; 1303; 1302; 
Recursion step 1:
Partitions:
0; 1; 
2; 61; 
3; 535; 
4; 62; 
5; 531; 
6; 7; 
8; 10; 9; 
11; 12; 
13; 570; 424; 
14; 214; 
15; 271; 
16; 364; 
17; 541; 
18; 366; 
19; 367; 
20; 497; 368; 
21; 314; 
22; 456; 
23; 295; 
24; 585; 
25; 286; 546; 
26; 213; 
27; 321; 473; 
28; 29; 
30; 274; 
31; 275; 
32; 33; 
34; 35; 
36; 44; 
37; 415; 351; 
38; 319; 
39; 40; 
41; 317; 
42; 593; 
43; 350; 
45; 46; 
47; 500; 
48; 329; 
49; 330; 
50; 245; 
51; 52; 
53; 483; 
54; 184; 
55; 342; 
56; 176; 
57; 58; 
59; 60; 
63; 452; 
64; 453; 
65; 449; 
66; 67; 
68; 69; 
70; 349; 
71; 298; 
72; 587; 421; 
73; 269; 
74; 460; 285; 
75; 127; 
76; 417; 
77; 374; 
78; 476; 
79; 529; 
80; 81; 
82; 83; 
84; 85; 
86; 87; 
88; 89; 
90; 134; 
91; 357; 119; 
92; 120; 
93; 121; 
94; 410; 
95; 118; 
96; 110; 
97; 379; 
98; 397; 
99; 401; 
100; 101; 597; 
102; 107; 
103; 378; 377; 
104; 434; 
105; 398; 521; 
106; 407; 
108; 109; 
111; 228; 
112; 465; 
113; 386; 
114; 115; 
116; 117; 
122; 141; 
123; 144; 
124; 373; 
125; 385; 
126; 146; 
128; 129; 
130; 131; 
132; 133; 
135; 136; 
137; 601; 
138; 233; 
139; 335; 
140; 336; 234; 
142; 338; 236; 
143; 480; 
145; 223; 
147; 148; 
149; 305; 
150; 388; 
151; 389; 
152; 390; 
153; 309; 
154; 247; 
155; 474; 
156; 217; 
157; 371; 
158; 475; 326; 
159; 160; 
161; 315; 
162; 328; 
163; 306; 
164; 307; 
165; 308; 
166; 200; 
167; 201; 
168; 202; 
169; 230; 203; 
170; 231; 
171; 172; 
173; 174; 175; 
177; 341; 340; 
178; 512; 
179; 441; 
180; 442; 
181; 443; 
182; 522; 
183; 530; 
185; 186; 
187; 188; 
189; 190; 
191; 192; 
193; 590; 
194; 195; 
196; 199; 
197; 256; 
198; 566; 
204; 495; 
205; 516; 
206; 549; 550; 
207; 489; 
208; 345; 
209; 520; 
210; 261; 
211; 262; 
212; 299; 
215; 216; 
218; 219; 220; 
221; 222; 
224; 606; 
225; 227; 226; 
229; 383; 
232; 554; 412; 
235; 337; 
237; 339; 
238; 485; 517; 
239; 486; 
240; 487; 523; 
241; 526; 
242; 243; 244; 
246; 586; 
248; 325; 
249; 303; 372; 
250; 396; 
251; 553; 
252; 348; 
253; 255; 254; 
257; 258; 
259; 278; 
260; 567; 
263; 448; 
264; 304; 
265; 598; 571; 
266; 525; 
267; 300; 
268; 311; 
270; 352; 
272; 363; 
273; 504; 
276; 324; 
277; 310; 
279; 572; 
280; 302; 
281; 583; 
282; 457; 
283; 458; 
284; 459; 
287; 602; 490; 
288; 491; 
289; 560; 
290; 561; 
291; 470; 
292; 559; 
293; 505; 
294; 569; 
296; 316; 
297; 318; 
301; 573; 
312; 313; 
320; 472; 
322; 510; 462; 
323; 468; 463; 
327; 499; 
331; 469; 
332; 558; 
333; 544; 
334; 545; 
343; 344; 
346; 347; 
353; 574; 
354; 355; 
356; 524; 
358; 382; 
359; 409; 
360; 404; 
361; 362; 
365; 582; 
369; 370; 
375; 376; 
380; 381; 
384; 437; 
387; 478; 
391; 498; 
392; 444; 
393; 445; 
394; 395; 
399; 408; 
400; 509; 420; 
402; 403; 
405; 406; 
411; 414; 
413; 563; 
416; 527; 
418; 419; 
422; 461; 
423; 513; 
425; 511; 542; 
426; 584; 
427; 428; 
429; 430; 
431; 481; 
432; 433; 
435; 436; 
438; 439; 
440; 482; 
446; 447; 502; 
450; 455; 
451; 496; 
454; 471; 
464; 538; 
466; 467; 
477; 506; 
479; 543; 
484; 515; 
488; 514; 
492; 575; 519; 
493; 555; 
494; 562; 
501; 578; 
503; 589; 
507; 508; 
518; 596; 
528; 603; 600; 
532; 533; 
534; 591; 
536; 568; 
537; 551; 
539; 540; 
547; 576; 
548; 577; 
552; 594; 
556; 557; 
564; 565; 
579; 595; 
580; 604; 605; 
581; 588; 
592; 599; 
Recursion step 2:
Partitions:
0; 243; 216; 
1; 272; 
2; 279; 181; 
3; 273; 
4; 271; 
5; 6; 
7; 142; 
8; 40; 
9; 240; 
10; 203; 
11; 184; 
12; 33; 
13; 52; 
14; 34; 53; 
15; 37; 
16; 55; 
17; 56; 
18; 192; 
19; 242; 
20; 196; 
21; 22; 
23; 26; 27; 
24; 208; 
25; 209; 
28; 39; 
29; 51; 
30; 31; 
32; 223; 
35; 116; 
36; 118; 
38; 120; 
41; 252; 
42; 136; 137; 
43; 129; 
44; 130; 
45; 46; 
47; 267; 
48; 178; 
49; 256; 207; 
50; 253; 
54; 245; 
57; 105; 
58; 90; 
59; 91; 
60; 92; 
61; 179; 93; 
62; 63; 
64; 65; 
66; 67; 
68; 98; 
69; 100; 
70; 101; 
71; 246; 
72; 88; 
73; 83; 
74; 227; 
75; 250; 221; 
76; 234; 
77; 87; 
78; 241; 
79; 226; 
80; 249; 
81; 248; 
82; 237; 
84; 157; 158; 
85; 255; 
86; 110; 
89; 161; 
94; 95; 
96; 97; 122; 
99; 239; 
102; 162; 
103; 190; 
104; 170; 
106; 117; 
107; 119; 
108; 259; 
109; 121; 
111; 191; 168; 
112; 169; 
113; 154; 
114; 225; 
115; 171; 
123; 264; 
124; 159; 
125; 265; 
126; 145; 
127; 128; 
131; 263; 
132; 163; 
133; 251; 
134; 164; 
135; 165; 
138; 139; 
140; 141; 
143; 174; 
144; 177; 
146; 283; 
147; 262; 
148; 261; 
149; 215; 
150; 160; 
151; 186; 
152; 232; 258; 
153; 233; 
155; 156; 
166; 274; 281; 
167; 187; 
172; 269; 278; 
173; 180; 
175; 176; 
182; 188; 
183; 206; 
185; 244; 
189; 217; 
193; 213; 194; 
195; 230; 
197; 277; 
198; 214; 
199; 211; 
200; 212; 
201; 254; 
202; 280; 
204; 284; 
205; 218; 
210; 270; 
219; 275; 
220; 228; 
222; 236; 
224; 276; 
229; 282; 
231; 266; 
235; 268; 
238; 247; 
257; 260; 
Recursion step 3:
Partitions:
0; 1; 
2; 95; 110; 124; 109; 
3; 111; 
4; 92; 
5; 94; 
6; 114; 
7; 112; 108; 
8; 9; 
10; 25; 
11; 12; 123; 
13; 22; 
14; 30; 77; 24; 26; 
15; 40; 
16; 129; 
17; 119; 
18; 115; 
19; 131; 
20; 38; 
21; 37; 
23; 103; 
27; 113; 
28; 66; 
29; 125; 
31; 98; 
32; 93; 
33; 100; 
34; 35; 
36; 39; 
41; 78; 
42; 59; 
43; 60; 
44; 62; 
45; 82; 
46; 47; 
48; 58; 
49; 101; 70; 
50; 65; 
51; 133; 
52; 67; 
53; 71; 
54; 68; 
55; 127; 
56; 61; 
57; 63; 
64; 126; 
69; 87; 
72; 79; 
73; 81; 
74; 130; 
75; 134; 
76; 132; 
80; 105; 
83; 89; 
84; 90; 
85; 91; 
86; 128; 
88; 97; 
96; 122; 
99; 106; 
102; 116; 
104; 107; 
117; 118; 
120; 121; 
Recursion step 4:
Partitions:
0; 1; 
2; 57; 
3; 55; 
4; 5; 
6; 58; 
7; 51; 
8; 21; 
9; 59; 
10; 22; 
11; 19; 
12; 13; 16; 
14; 17; 
15; 62; 
18; 61; 
20; 32; 
23; 35; 
24; 37; 
25; 39; 
26; 56; 45; 
27; 60; 
28; 46; 
29; 40; 
30; 47; 
31; 43; 
33; 34; 
36; 38; 
41; 54; 42; 
44; 48; 
49; 50; 
52; 53; 
Recursion step 5:
Partitions:
0; 18; 29; 
1; 2; 23; 14; 12; 11; 5; 22; 26; 
3; 16; 
4; 15; 
6; 24; 
7; 10; 
8; 27; 
9; 28; 
13; 19; 
17; 25; 
20; 21; 
Recursion step 6:
Partitions:
0; 4; 
1; 10; 
2; 9; 3; 
5; 6; 
7; 8; 
Recursion step 7:
Partitions:
0; 4; 1; 
2; 3; 
Recursion step 8:
