Recursion step 0:
Partitions:
0; 763; 
1; 283; 
2; 332; 
3; 14; 
4; 1209; 1177; 
5; 1198; 
6; 359; 
7; 1066; 
8; 42; 
9; 43; 121; 
10; 974; 
11; 1127; 
12; 786; 787; 
13; 788; 
15; 470; 
16; 805; 
17; 806; 
18; 731; 
19; 807; 
20; 405; 
21; 22; 
23; 71; 
24; 72; 
25; 73; 
26; 1005; 
27; 1006; 
28; 1007; 
29; 866; 
30; 31; 
32; 1239; 
33; 970; 
34; 528; 
35; 1086; 
36; 873; 
37; 547; 
38; 316; 
39; 1087; 
40; 357; 
41; 120; 
44; 1232; 
45; 46; 
47; 48; 
49; 50; 
51; 1233; 
52; 721; 
53; 133; 
54; 134; 185; 
55; 1286; 
56; 136; 
57; 1238; 
58; 132; 
59; 1237; 
60; 971; 
61; 1084; 
62; 142; 874; 
63; 561; 
64; 932; 165; 
65; 166; 
66; 167; 
67; 1134; 264; 
68; 265; 
69; 328; 
70; 1263; 682; 
74; 1234; 256; 
75; 257; 
76; 258; 
77; 259; 
78; 260; 
79; 360; 
80; 1235; 81; 
82; 1236; 
83; 84; 
85; 1093; 
86; 1307; 
87; 88; 
89; 90; 
91; 1290; 
92; 94; 93; 
95; 96; 
97; 98; 
99; 100; 
101; 1098; 
102; 1313; 130; 129; 128; 
103; 573; 572; 
104; 1036; 
105; 456; 917; 
106; 972; 
107; 1180; 
108; 875; 
109; 212; 
110; 1181; 
111; 112; 
113; 114; 
115; 760; 
116; 1197; 
117; 281; 282; 
118; 331; 
119; 1132; 
122; 1176; 
123; 676; 
124; 125; 
126; 127; 
131; 720; 
135; 186; 
137; 188; 
138; 163; 164; 
139; 1044; 
140; 529; 
141; 886; 
143; 548; 549; 
144; 1288; 
145; 1187; 
146; 701; 
147; 954; 
148; 176; 
149; 150; 151; 
152; 469; 
153; 677; 
154; 678; 
155; 679; 
156; 680; 
157; 681; 
158; 739; 
159; 1164; 
160; 1182; 
161; 1043; 
162; 867; 
168; 384; 
169; 355; 170; 
171; 383; 
172; 356; 
173; 1279; 
174; 1265; 
175; 953; 
177; 394; 466; 
178; 395; 
179; 833; 
180; 728; 397; 
181; 398; 
182; 399; 
183; 836; 
184; 457; 
187; 460; 
189; 697; 
190; 1153; 1250; 
191; 192; 
193; 303; 304; 
194; 571; 
195; 1035; 
196; 1057; 
197; 1105; 
198; 1241; 
199; 722; 
200; 1106; 
201; 1107; 
202; 203; 
204; 205; 
206; 939; 
207; 947; 940; 
208; 424; 425; 
209; 636; 
210; 427; 
211; 294; 
213; 1170; 
214; 1135; 
215; 1047; 
216; 330; 
217; 219; 218; 
220; 973; 746; 
221; 747; 
222; 431; 
223; 631; 295; 
224; 465; 
225; 393; 
226; 638; 
227; 396; 
228; 640; 
229; 641; 
230; 400; 
231; 643; 
232; 644; 
233; 627; 645; 
234; 296; 
235; 297; 
236; 1068; 
237; 1154; 
238; 1048; 
239; 1155; 
240; 773; 
241; 1321; 
242; 243; 
244; 602; 
245; 757; 667; 
246; 790; 
247; 791; 
248; 668; 
249; 921; 606; 
250; 915; 669; 
251; 600; 
252; 670; 
253; 799; 800; 
254; 895; 
255; 1067; 
261; 326; 
262; 293; 
263; 1169; 1320; 
266; 329; 
267; 268; 
269; 270; 
271; 999; 
272; 686; 
273; 382; 
274; 978; 
275; 591; 
276; 1126; 
277; 795; 796; 
278; 661; 
279; 980; 1026; 
280; 770; 
284; 285; 
286; 287; 288; 
289; 322; 385; 
290; 323; 
291; 324; 
292; 325; 
298; 1246; 
299; 1156; 1314; 
300; 1049; 
301; 1157; 
302; 646; 
305; 1058; 
306; 337; 
307; 963; 
308; 964; 
309; 540; 340; 
310; 311; 
312; 313; 
314; 315; 
317; 318; 
319; 320; 
321; 327; 
333; 334; 335; 
336; 616; 
338; 838; 
339; 839; 
341; 840; 
342; 841; 
343; 962; 961; 
344; 1171; 1188; 
345; 1172; 
346; 1173; 
347; 863; 
348; 486; 
349; 1021; 
350; 648; 
351; 649; 
352; 650; 
353; 651; 
354; 1012; 
358; 1088; 
361; 996; 1013; 
362; 415; 
363; 416; 
364; 417; 
365; 1308; 
366; 653; 
367; 419; 1264; 
368; 443; 442; 
369; 420; 
370; 371; 
372; 373; 
374; 375; 
376; 377; 
378; 379; 
380; 381; 
386; 387; 
388; 389; 390; 
391; 392; 
401; 402; 
403; 404; 
406; 408; 407; 
409; 410; 
411; 412; 
413; 414; 
418; 484; 
421; 428; 
422; 429; 
423; 494; 683; 
426; 637; 
430; 1285; 
432; 1294; 
433; 434; 
435; 436; 
437; 438; 
439; 440; 
441; 485; 
444; 445; 
446; 447; 
448; 449; 
450; 452; 451; 
453; 574; 647; 
454; 1037; 
455; 916; 
458; 1199; 
459; 1200; 1226; 
461; 1227; 1201; 
462; 1099; 
463; 464; 
467; 468; 
471; 472; 
473; 474; 
475; 476; 
477; 478; 
479; 1257; 
480; 808; 
481; 998; 
482; 1195; 
483; 704; 
487; 488; 
489; 893; 887; 
490; 888; 894; 
491; 950; 
492; 1231; 
493; 811; 
495; 684; 
496; 700; 
497; 628; 
498; 629; 
499; 630; 
500; 842; 1111; 
501; 622; 
502; 623; 
503; 1113; 
504; 625; 845; 
505; 948; 626; 
506; 615; 
507; 1117; 
508; 1065; 
509; 559; 560; 
510; 530; 
511; 531; 
512; 532; 
513; 533; 828; 
514; 534; 829; 
515; 830; 535; 
516; 536; 
517; 518; 519; 
520; 521; 
522; 523; 
524; 525; 
526; 527; 
537; 1260; 
538; 539; 
541; 542; 
543; 544; 
545; 546; 
550; 782; 
551; 783; 
552; 784; 553; 
554; 1221; 785; 
555; 1027; 
556; 1322; 
557; 558; 
562; 568; 632; 
563; 569; 
564; 570; 
565; 1023; 
566; 1024; 
567; 1025; 
575; 652; 
576; 955; 1318; 
577; 941; 
578; 579; 
580; 581; 
582; 1317; 
583; 584; 
585; 586; 
587; 588; 
589; 590; 
592; 593; 
594; 595; 
596; 597; 
598; 599; 
601; 1130; 
603; 918; 1080; 
604; 919; 
605; 920; 
607; 922; 
608; 1261; 
609; 610; 
611; 612; 
613; 614; 
617; 1262; 
618; 994; 
619; 815; 
620; 705; 
621; 639; 
624; 642; 
633; 1034; 
634; 1056; 
635; 1163; 
654; 656; 655; 
657; 658; 
659; 660; 
662; 663; 
664; 665; 
666; 756; 694; 
671; 1073; 
672; 673; 
674; 675; 
685; 1019; 
687; 688; 
689; 690; 
691; 692; 693; 
695; 696; 1123; 
698; 699; 
702; 703; 
706; 707; 708; 
709; 1223; 
710; 821; 
711; 1000; 
712; 1015; 1229; 
713; 818; 
714; 1014; 
715; 1016; 
716; 847; 846; 
717; 995; 
718; 1133; 
719; 766; 767; 
723; 724; 
725; 727; 726; 
729; 730; 
732; 733; 
734; 735; 
736; 737; 
738; 986; 
740; 743; 
741; 744; 
742; 745; 
748; 759; 
749; 750; 
751; 752; 
753; 754; 
755; 758; 
761; 762; 
764; 765; 
768; 769; 
771; 772; 
774; 775; 
776; 777; 
778; 779; 
780; 900; 
781; 901; 
789; 1295; 
792; 793; 794; 
797; 798; 
801; 802; 
803; 804; 
809; 810; 
812; 814; 813; 
816; 817; 
819; 820; 
822; 1122; 
823; 1118; 
824; 1079; 
825; 931; 
826; 1077; 
827; 1304; 
831; 862; 
832; 1183; 989; 
834; 1185; 991; 
835; 984; 985; 
837; 949; 
843; 1112; 
844; 938; 
848; 983; 
849; 850; 851; 
852; 853; 
854; 855; 
856; 857; 
858; 859; 
860; 861; 
864; 865; 
868; 1270; 
869; 969; 
870; 1039; 
871; 872; 
876; 877; 
878; 966; 1277; 
879; 1119; 1120; 
880; 1178; 
881; 965; 
882; 1266; 
883; 1196; 
884; 1216; 
885; 1217; 
889; 1018; 
890; 907; 
891; 908; 
892; 982; 
896; 897; 
898; 899; 
902; 1222; 1083; 
903; 925; 
904; 1220; 
905; 1020; 
906; 1299; 
909; 914; 
910; 1230; 1131; 
911; 942; 
912; 976; 
913; 977; 
923; 924; 
926; 928; 927; 
929; 930; 
933; 1274; 
934; 1315; 
935; 1305; 
936; 1008; 
937; 1009; 1109; 
943; 1275; 
944; 979; 
945; 993; 988; 
946; 1011; 
951; 997; 
952; 987; 
956; 957; 
958; 960; 959; 
967; 968; 
975; 1278; 
981; 1128; 1124; 
990; 1184; 
992; 1186; 
1001; 1002; 
1003; 1208; 
1004; 1174; 
1010; 1110; 
1017; 1114; 1219; 
1022; 1054; 
1028; 1074; 
1029; 1075; 
1030; 1078; 
1031; 1076; 1166; 
1032; 1060; 
1033; 1167; 
1038; 1218; 
1040; 1121; 
1041; 1319; 
1042; 1165; 
1045; 1046; 
1050; 1051; 
1052; 1316; 1055; 
1053; 1143; 1160; 
1059; 1300; 
1061; 1062; 
1063; 1100; 
1064; 1101; 
1069; 1070; 1071; 
1072; 1287; 
1081; 1116; 
1082; 1129; 
1085; 1210; 
1089; 1090; 
1091; 1092; 
1094; 1097; 
1095; 1096; 
1102; 1206; 
1103; 1207; 1168; 
1104; 1291; 
1108; 1190; 1191; 
1115; 1273; 
1125; 1214; 
1136; 1225; 
1137; 1192; 
1138; 1228; 
1139; 1213; 1212; 
1140; 1146; 
1141; 1147; 
1142; 1148; 
1144; 1161; 
1145; 1158; 
1149; 1179; 
1150; 1242; 
1151; 1152; 
1159; 1162; 
1175; 1215; 
1189; 1224; 
1193; 1194; 
1202; 1203; 1204; 
1205; 1211; 
1240; 1244; 
1243; 1312; 
1245; 1276; 1280; 
1247; 1248; 1292; 
1249; 1269; 
1251; 1289; 
1252; 1253; 
1254; 1255; 
1256; 1306; 
1258; 1281; 
1259; 1293; 
1267; 1268; 
1271; 1284; 
1272; 1297; 
1282; 1283; 
1296; 1298; 
1301; 1309; 
1302; 1303; 
1310; 1311; 
Recursion step 1:
Partitions:
0; 3; 
1; 95; 
2; 241; 
4; 13; 
5; 589; 
6; 37; 97; 
7; 68; 
8; 9; 
10; 529; 
11; 169; 
12; 439; 
14; 309; 
15; 436; 
16; 437; 
17; 432; 
18; 438; 
19; 280; 
20; 62; 115; 
21; 370; 
22; 293; 
23; 320; 
24; 493; 
25; 494; 
26; 495; 
27; 126; 
28; 29; 
30; 350; 31; 
32; 108; 
33; 486; 54; 
34; 354; 355; 
35; 237; 
36; 546; 
38; 130; 128; 
39; 40; 
41; 42; 
43; 590; 
44; 45; 141; 
46; 47; 
48; 142; 
49; 104; 
50; 238; 
51; 71; 
52; 107; 
53; 87; 
55; 109; 
56; 110; 
57; 111; 
58; 205; 
59; 105; 
60; 165; 
61; 206; 
63; 185; 
64; 186; 
65; 187; 
66; 259; 596; 
67; 183; 
69; 70; 
72; 563; 
73; 74; 
75; 76; 
77; 78; 
79; 80; 305; 
81; 306; 
82; 100; 101; 
83; 301; 289; 
84; 230; 
85; 302; 
86; 168; 
88; 487; 
89; 207; 
90; 163; 
91; 92; 
93; 444; 
94; 164; 
96; 166; 
98; 572; 586; 
99; 145; 
102; 568; 
103; 304; 
106; 549; 
112; 132; 
113; 133; 
114; 290; 
116; 134; 308; 
117; 469; 
118; 531; 136; 
119; 431; 137; 
120; 138; 470; 
121; 532; 
122; 472; 
123; 547; 
124; 125; 548; 
127; 258; 
129; 545; 
131; 180; 
135; 174; 
139; 471; 
140; 178; 
143; 415; 
144; 252; 318; 
146; 300; 
147; 365; 
148; 398; 
149; 399; 
150; 400; 
151; 221; 
152; 222; 
153; 223; 
154; 224; 
155; 156; 
157; 523; 
158; 334; 
159; 600; 
160; 593; 
161; 327; 203; 
162; 171; 
167; 208; 
170; 328; 
172; 307; 
173; 277; 
175; 396; 
176; 330; 
177; 331; 
179; 333; 
181; 325; 
182; 562; 
184; 225; 
188; 218; 447; 
189; 405; 
190; 201; 
191; 388; 
192; 384; 
193; 385; 
194; 195; 453; 
196; 386; 
197; 499; 571; 
198; 383; 
199; 570; 
200; 456; 
202; 591; 
204; 569; 
209; 510; 
210; 411; 
211; 511; 
212; 507; 
213; 378; 
214; 521; 
215; 455; 
216; 404; 592; 
217; 506; 
219; 220; 
226; 577; 
227; 228; 
229; 363; 
231; 347; 
232; 243; 
233; 244; 
234; 353; 
235; 236; 
239; 240; 
242; 346; 
245; 465; 
246; 491; 
247; 492; 
248; 249; 
250; 344; 
251; 482; 
253; 552; 
254; 364; 
255; 366; 
256; 367; 
257; 368; 
260; 423; 
261; 283; 
262; 372; 
263; 264; 581; 
265; 284; 266; 
267; 445; 
268; 509; 
269; 270; 
271; 272; 
273; 274; 
275; 276; 
278; 279; 
281; 282; 
285; 508; 
286; 323; 
287; 324; 
288; 326; 
291; 292; 
294; 295; 371; 
296; 297; 
298; 597; 299; 
303; 588; 
310; 311; 
312; 313; 
314; 458; 
315; 410; 
316; 522; 525; 
317; 321; 
319; 599; 
322; 496; 
329; 518; 
332; 397; 
335; 391; 
336; 463; 
337; 464; 
338; 362; 
339; 514; 
340; 466; 
341; 467; 
342; 343; 
345; 468; 
348; 349; 
351; 352; 
356; 513; 
357; 542; 
358; 457; 
359; 553; 
360; 567; 
361; 479; 
369; 416; 
373; 395; 
374; 375; 
376; 377; 417; 
379; 603; 
380; 381; 
382; 605; 
387; 502; 
389; 390; 
392; 488; 
393; 421; 
394; 459; 
401; 402; 
403; 454; 
406; 414; 
407; 576; 
408; 409; 
412; 413; 
418; 574; 
419; 461; 
420; 575; 
422; 460; 
424; 425; 
426; 584; 
427; 475; 
428; 446; 
429; 430; 
433; 434; 
435; 524; 
440; 441; 
442; 443; 
448; 450; 449; 
451; 559; 
452; 560; 
462; 497; 
473; 519; 
474; 536; 
476; 601; 
477; 478; 
480; 481; 
483; 594; 
484; 528; 
485; 585; 
489; 490; 
498; 530; 
500; 501; 
503; 512; 
504; 561; 
505; 602; 
515; 551; 
516; 580; 
517; 598; 
520; 604; 
526; 527; 
533; 537; 
534; 535; 
538; 579; 
539; 555; 
540; 556; 541; 
543; 554; 
544; 566; 
550; 578; 
557; 558; 
564; 565; 
573; 587; 
582; 583; 
595; 606; 
607; 608; 
Recursion step 2:
Partitions:
0; 4; 
1; 74; 
2; 150; 
3; 10; 
5; 288; 
6; 139; 
7; 92; 
8; 67; 
9; 68; 28; 
11; 83; 
12; 13; 14; 248; 249; 
15; 198; 
16; 183; 
17; 199; 
18; 221; 
19; 189; 
20; 190; 
21; 164; 
22; 91; 
23; 24; 166; 
25; 90; 
26; 42; 
27; 43; 
29; 44; 
30; 45; 
31; 276; 
32; 93; 
33; 34; 
35; 105; 
36; 107; 106; 
37; 78; 
38; 285; 
39; 98; 
40; 64; 
41; 56; 
46; 70; 
47; 73; 48; 
49; 79; 
50; 261; 
51; 151; 
52; 53; 
54; 125; 
55; 286; 
57; 287; 
58; 59; 
60; 61; 
62; 284; 
63; 100; 
65; 66; 
69; 116; 
71; 72; 
75; 193; 
76; 99; 
77; 113; 
80; 124; 
81; 200; 
82; 115; 117; 
84; 85; 
86; 87; 
88; 97; 96; 
89; 94; 
95; 202; 120; 
101; 169; 170; 171; 104; 103; 102; 
108; 109; 
110; 123; 
111; 112; 
114; 188; 
118; 119; 
121; 122; 
126; 283; 
127; 149; 
128; 129; 
130; 229; 
131; 132; 
133; 253; 
134; 254; 
135; 144; 
136; 137; 
138; 217; 
140; 159; 
141; 239; 
142; 238; 
143; 265; 
145; 225; 
146; 269; 
147; 148; 
152; 282; 
153; 168; 
154; 160; 
155; 264; 
156; 157; 
158; 161; 
162; 163; 
165; 212; 
167; 277; 
172; 179; 
173; 184; 
174; 222; 
175; 176; 
177; 191; 
178; 273; 
180; 181; 
182; 272; 
185; 201; 
186; 196; 
187; 197; 
192; 258; 
194; 195; 
203; 257; 
204; 278; 
205; 279; 206; 
207; 214; 
208; 215; 
209; 210; 
211; 281; 
213; 263; 
216; 268; 
218; 266; 252; 
219; 260; 
220; 259; 
223; 244; 
224; 275; 
226; 227; 
228; 267; 
230; 262; 
231; 232; 
233; 234; 
235; 255; 
236; 237; 
240; 242; 
241; 243; 
245; 246; 
247; 256; 
250; 251; 
270; 271; 
274; 280; 
Recursion step 3:
Partitions:
0; 50; 
1; 2; 
3; 35; 
4; 26; 
5; 42; 
6; 40; 
7; 21; 
8; 22; 
9; 107; 
10; 105; 
11; 58; 
12; 59; 
13; 60; 
14; 55; 
15; 16; 
17; 18; 
19; 93; 
20; 36; 
23; 49; 
24; 91; 
25; 92; 
27; 28; 
29; 63; 
30; 31; 51; 
32; 46; 
33; 47; 53; 66; 56; 79; 34; 
37; 38; 
39; 69; 
41; 43; 
44; 128; 
45; 52; 
48; 62; 
54; 65; 
57; 61; 
64; 108; 
67; 102; 
68; 132; 
70; 106; 100; 99; 131; 
71; 85; 
72; 109; 
73; 81; 
74; 75; 
76; 123; 
77; 78; 
80; 127; 
82; 133; 
83; 121; 
84; 122; 
86; 134; 
87; 94; 
88; 115; 124; 
89; 90; 
95; 101; 
96; 130; 
97; 120; 
98; 126; 
103; 104; 
110; 111; 
112; 116; 
113; 135; 
114; 117; 
118; 119; 
125; 129; 
Recursion step 4:
Partitions:
0; 2; 17; 
1; 26; 
3; 4; 
5; 48; 
6; 7; 
8; 56; 
9; 10; 
11; 34; 
12; 32; 
13; 14; 
15; 16; 
18; 19; 
20; 59; 
21; 35; 
22; 23; 
24; 30; 
25; 31; 
27; 49; 
28; 29; 
33; 36; 
37; 38; 
39; 50; 
40; 45; 
41; 42; 
43; 58; 
44; 62; 
46; 47; 
51; 57; 
52; 53; 
54; 55; 
60; 61; 
Recursion step 5:
Partitions:
0; 1; 
2; 17; 3; 
4; 21; 
5; 6; 
7; 8; 
9; 20; 
10; 30; 
11; 27; 
12; 24; 
13; 19; 
14; 18; 
15; 16; 
22; 25; 
23; 28; 
26; 29; 
Recursion step 6:
