Recursion step 0:
Costs:
9.999999e+06; 1.593000e+03; 5.690000e+02; 2.056000e+03; 1.327000e+03; 1.009000e+03; 9.470000e+02; 3.010000e+02; 2.340000e+02; 1.800000e+03; 6.250000e+02; 7.000000e+02; 7.540000e+02; 7.900000e+02; 5.290000e+02; 3.950000e+02; 1.385000e+03; 8.560000e+02; 1.179000e+03; 8.210000e+02; 1.085000e+03; 3.850000e+02; 7.300000e+02; 1.808000e+03; 9.150000e+02; 2.076000e+03; 1.120000e+03; 1.002000e+03; 1.297000e+03; 1.026000e+03; 5.920000e+02; 1.448000e+03; 6.940000e+02; 7.430000e+02; 2.254000e+03; 8.800000e+02; 1.137000e+03; 3.300000e+02; 1.121000e+03; 4.490000e+02; 7.860000e+02; 1.594000e+03; 1.264000e+03; 7.550000e+02; 2.354000e+03; 5.930000e+02; 8.490000e+02; 1.216000e+03; 
1.619000e+03; 9.999999e+06; 1.191000e+03; 6.560000e+02; 5.950000e+02; 2.304000e+03; 2.128000e+03; 1.797000e+03; 1.674000e+03; 8.340000e+02; 1.348000e+03; 1.620000e+03; 1.183000e+03; 1.050000e+03; 1.629000e+03; 1.339000e+03; 2.444000e+03; 2.039000e+03; 2.350000e+03; 1.646000e+03; 1.334000e+03; 1.322000e+03; 1.167000e+03; 1.079000e+03; 1.182000e+03; 6.240000e+02; 2.307000e+03; 2.171000e+03; 4.780000e+02; 2.272000e+03; 1.923000e+03; 1.192000e+03; 1.837000e+03; 9.820000e+02; 1.060000e+03; 2.132000e+03; 2.312000e+03; 1.884000e+03; 1.047000e+03; 1.513000e+03; 1.051000e+03; 5.500000e+02; 2.287000e+03; 2.125000e+03; 1.123000e+03; 1.765000e+03; 1.388000e+03; 7.180000e+02; 
5.280000e+02; 1.297000e+03; 9.999999e+06; 1.682000e+03; 8.090000e+02; 1.309000e+03; 1.170000e+03; 6.240000e+02; 5.060000e+02; 1.445000e+03; 5.260000e+02; 4.880000e+02; 5.610000e+02; 4.020000e+02; 6.100000e+02; 4.290000e+02; 1.510000e+03; 1.072000e+03; 1.419000e+03; 8.820000e+02; 8.010000e+02; 2.500000e+02; 4.010000e+02; 1.351000e+03; 4.850000e+02; 1.579000e+03; 1.436000e+03; 1.194000e+03; 8.980000e+02; 1.194000e+03; 8.160000e+02; 1.054000e+03; 7.280000e+02; 4.710000e+02; 1.828000e+03; 1.000000e+03; 1.276000e+03; 8.370000e+02; 8.980000e+02; 4.650000e+02; 4.590000e+02; 1.183000e+03; 1.314000e+03; 9.890000e+02; 1.876000e+03; 7.080000e+02; 6.200000e+02; 9.680000e+02; 
2.097000e+03; 7.230000e+02; 1.781000e+03; 9.999999e+06; 9.960000e+02; 2.674000e+03; 2.595000e+03; 2.360000e+03; 2.236000e+03; 5.010000e+02; 1.846000e+03; 2.061000e+03; 1.616000e+03; 1.580000e+03; 2.108000e+03; 1.884000e+03; 2.678000e+03; 2.590000e+03; 2.635000e+03; 2.068000e+03; 1.584000e+03; 1.847000e+03; 1.638000e+03; 9.300000e+02; 1.328000e+03; 1.870000e+02; 2.635000e+03; 2.582000e+03; 9.480000e+02; 2.669000e+03; 2.421000e+03; 1.197000e+03; 2.183000e+03; 1.506000e+03; 6.200000e+02; 2.438000e+03; 2.782000e+03; 2.337000e+03; 1.328000e+03; 1.959000e+03; 1.513000e+03; 6.800000e+02; 2.603000e+03; 2.497000e+03; 6.480000e+02; 2.142000e+03; 1.827000e+03; 1.058000e+03; 
1.310000e+03; 6.800000e+02; 7.800000e+02; 1.023000e+03; 9.999999e+06; 1.690000e+03; 1.754000e+03; 1.424000e+03; 1.279000e+03; 7.870000e+02; 9.000000e+02; 1.153000e+03; 7.590000e+02; 6.120000e+02; 1.201000e+03; 1.098000e+03; 1.918000e+03; 1.682000e+03; 1.858000e+03; 1.148000e+03; 8.760000e+02; 9.750000e+02; 7.610000e+02; 7.590000e+02; 6.390000e+02; 8.200000e+02; 1.759000e+03; 1.651000e+03; 4.170000e+02; 1.694000e+03; 1.459000e+03; 7.180000e+02; 1.292000e+03; 5.660000e+02; 1.005000e+03; 1.632000e+03; 1.870000e+03; 1.540000e+03; 4.930000e+02; 1.131000e+03; 9.540000e+02; 4.960000e+02; 1.760000e+03; 1.629000e+03; 1.144000e+03; 1.306000e+03; 8.860000e+02; 2.950000e+02; 
1.156000e+03; 2.218000e+03; 1.336000e+03; 2.687000e+03; 1.745000e+03; 9.999999e+06; 3.580000e+02; 1.020000e+03; 9.640000e+02; 2.253000e+03; 9.980000e+02; 7.740000e+02; 1.089000e+03; 1.369000e+03; 6.920000e+02; 1.349000e+03; 3.640000e+02; 3.390000e+02; 2.490000e+02; 8.010000e+02; 1.187000e+03; 1.286000e+03; 1.135000e+03; 2.157000e+03; 1.442000e+03; 2.473000e+03; 2.760000e+02; 3.030000e+02; 1.881000e+03; 2.580000e+02; 6.810000e+02; 1.588000e+03; 7.080000e+02; 1.488000e+03; 2.624000e+03; 3.910000e+02; 2.540000e+02; 7.040000e+02; 1.508000e+03; 8.790000e+02; 1.636000e+03; 2.165000e+03; 3.000000e+02; 4.290000e+02; 2.588000e+03; 6.680000e+02; 1.014000e+03; 1.735000e+03; 
8.270000e+02; 2.103000e+03; 1.085000e+03; 2.504000e+03; 1.692000e+03; 2.580000e+02; 9.999999e+06; 9.720000e+02; 7.590000e+02; 2.236000e+03; 8.340000e+02; 7.240000e+02; 9.700000e+02; 1.102000e+03; 6.040000e+02; 1.227000e+03; 5.350000e+02; 5.400000e+01; 4.930000e+02; 5.510000e+02; 1.165000e+03; 1.066000e+03; 9.740000e+02; 1.908000e+03; 1.239000e+03; 2.379000e+03; 5.080000e+02; 1.240000e+02; 1.677000e+03; 3.110000e+02; 3.860000e+02; 1.483000e+03; 5.900000e+02; 1.382000e+03; 2.444000e+03; 2.040000e+02; 3.910000e+02; 6.140000e+02; 1.437000e+03; 8.200000e+02; 1.410000e+03; 2.049000e+03; 4.710000e+02; 2.450000e+02; 2.595000e+03; 3.860000e+02; 8.580000e+02; 1.615000e+03; 
0.000000e+00; 0.000000e+00; 0.000000e+00; 0.000000e+00; 0.000000e+00; 0.000000e+00; 0.000000e+00; 0.000000e+00; 0.000000e+00; 0.000000e+00; 0.000000e+00; 0.000000e+00; 0.000000e+00; 0.000000e+00; 0.000000e+00; 0.000000e+00; 0.000000e+00; 0.000000e+00; 0.000000e+00; 0.000000e+00; 0.000000e+00; 0.000000e+00; 0.000000e+00; 0.000000e+00; 0.000000e+00; 0.000000e+00; 0.000000e+00; 0.000000e+00; 0.000000e+00; 0.000000e+00; 0.000000e+00; 0.000000e+00; 0.000000e+00; 0.000000e+00; 0.000000e+00; 0.000000e+00; 0.000000e+00; 0.000000e+00; 0.000000e+00; 0.000000e+00; 0.000000e+00; 0.000000e+00; 0.000000e+00; 0.000000e+00; 0.000000e+00; 0.000000e+00; 0.000000e+00; 0.000000e+00; 
2.170000e+02; 1.673000e+03; 5.260000e+02; 2.144000e+03; 1.366000e+03; 1.009000e+03; 7.960000e+02; 4.130000e+02; 9.999999e+06; 1.941000e+03; 6.960000e+02; 5.700000e+02; 8.990000e+02; 7.930000e+02; 4.520000e+02; 5.150000e+02; 1.094000e+03; 6.190000e+02; 1.003000e+03; 7.580000e+02; 9.370000e+02; 5.240000e+02; 6.150000e+02; 1.760000e+03; 1.020000e+03; 2.103000e+03; 1.133000e+03; 7.490000e+02; 1.323000e+03; 9.000000e+02; 4.650000e+02; 1.379000e+03; 4.770000e+02; 7.620000e+02; 2.222000e+03; 6.320000e+02; 1.020000e+03; 3.170000e+02; 1.178000e+03; 2.470000e+02; 9.080000e+02; 1.609000e+03; 1.140000e+03; 4.730000e+02; 2.205000e+03; 3.920000e+02; 8.240000e+02; 1.237000e+03; 
1.892000e+03; 8.560000e+02; 1.591000e+03; 6.360000e+02; 7.800000e+02; 2.323000e+03; 2.205000e+03; 2.133000e+03; 2.014000e+03; 9.999999e+06; 1.544000e+03; 1.649000e+03; 1.258000e+03; 1.170000e+03; 1.709000e+03; 1.716000e+03; 2.377000e+03; 2.141000e+03; 2.443000e+03; 1.629000e+03; 1.320000e+03; 1.686000e+03; 1.395000e+03; 3.780000e+02; 1.015000e+03; 3.830000e+02; 2.367000e+03; 2.191000e+03; 8.330000e+02; 2.283000e+03; 2.062000e+03; 8.000000e+02; 1.897000e+03; 1.257000e+03; 4.480000e+02; 2.138000e+03; 2.287000e+03; 2.109000e+03; 8.030000e+02; 1.810000e+03; 1.520000e+03; 4.150000e+02; 2.270000e+03; 2.119000e+03; 4.780000e+02; 1.932000e+03; 1.486000e+03; 7.060000e+02; 
6.600000e+02; 1.316000e+03; 5.350000e+02; 1.817000e+03; 8.930000e+02; 1.084000e+03; 7.800000e+02; 7.640000e+02; 5.920000e+02; 1.407000e+03; 9.999999e+06; 3.230000e+02; 3.040000e+02; 4.640000e+02; 3.440000e+02; 7.870000e+02; 1.129000e+03; 8.390000e+02; 1.180000e+03; 5.070000e+02; 4.500000e+02; 6.690000e+02; 1.890000e+02; 1.400000e+03; 4.160000e+02; 1.760000e+03; 9.920000e+02; 9.050000e+02; 9.630000e+02; 9.750000e+02; 7.450000e+02; 8.900000e+02; 5.030000e+02; 6.430000e+02; 1.901000e+03; 8.290000e+02; 1.118000e+03; 7.750000e+02; 7.490000e+02; 4.030000e+02; 9.860000e+02; 1.343000e+03; 1.039000e+03; 8.130000e+02; 1.921000e+03; 5.640000e+02; 4.180000e+02; 8.530000e+02; 
6.730000e+02; 1.626000e+03; 5.800000e+02; 1.892000e+03; 1.168000e+03; 8.290000e+02; 7.190000e+02; 7.450000e+02; 4.380000e+02; 1.582000e+03; 3.660000e+02; 9.999999e+06; 5.370000e+02; 6.480000e+02; 2.170000e+02; 7.870000e+02; 1.031000e+03; 5.410000e+02; 8.960000e+02; 3.700000e+02; 5.680000e+02; 6.090000e+02; 4.340000e+02; 1.536000e+03; 5.890000e+02; 1.928000e+03; 8.070000e+02; 7.920000e+02; 1.282000e+03; 7.900000e+02; 6.770000e+02; 9.300000e+02; 2.140000e+02; 7.050000e+02; 1.993000e+03; 6.900000e+02; 9.260000e+02; 5.610000e+02; 9.360000e+02; 4.420000e+02; 9.870000e+02; 1.422000e+03; 7.720000e+02; 5.470000e+02; 1.895000e+03; 4.100000e+02; 3.430000e+02; 1.015000e+03; 
7.860000e+02; 1.289000e+03; 5.700000e+02; 1.603000e+03; 6.820000e+02; 1.203000e+03; 1.059000e+03; 9.560000e+02; 8.850000e+02; 1.353000e+03; 2.970000e+02; 5.470000e+02; 9.999999e+06; 3.280000e+02; 6.320000e+02; 9.370000e+02; 1.377000e+03; 1.023000e+03; 1.316000e+03; 4.950000e+02; 3.320000e+02; 8.490000e+02; 2.270000e+02; 1.130000e+03; 2.540000e+02; 1.474000e+03; 1.322000e+03; 1.106000e+03; 9.330000e+02; 1.097000e+03; 9.550000e+02; 5.300000e+02; 6.170000e+02; 5.350000e+02; 1.634000e+03; 9.490000e+02; 1.254000e+03; 8.840000e+02; 5.210000e+02; 7.020000e+02; 8.910000e+02; 1.051000e+03; 1.127000e+03; 1.096000e+03; 1.568000e+03; 8.440000e+02; 3.260000e+02; 7.580000e+02; 
7.760000e+02; 1.066000e+03; 4.990000e+02; 1.584000e+03; 5.360000e+02; 1.245000e+03; 1.106000e+03; 1.016000e+03; 9.130000e+02; 1.157000e+03; 3.310000e+02; 6.900000e+02; 2.360000e+02; 9.999999e+06; 7.460000e+02; 7.200000e+02; 1.414000e+03; 1.137000e+03; 1.420000e+03; 7.470000e+02; 4.570000e+02; 7.110000e+02; 2.340000e+02; 1.016000e+03; 2.110000e+02; 1.370000e+03; 1.479000e+03; 1.144000e+03; 6.170000e+02; 1.341000e+03; 1.115000e+03; 7.610000e+02; 6.970000e+02; 4.430000e+02; 1.549000e+03; 1.172000e+03; 1.452000e+03; 9.390000e+02; 4.610000e+02; 5.550000e+02; 7.680000e+02; 9.490000e+02; 1.319000e+03; 1.135000e+03; 1.589000e+03; 7.910000e+02; 5.550000e+02; 5.660000e+02; 
4.340000e+02; 1.750000e+03; 6.290000e+02; 2.111000e+03; 1.152000e+03; 8.120000e+02; 6.350000e+02; 5.920000e+02; 4.990000e+02; 1.693000e+03; 2.990000e+02; 2.200000e+02; 6.860000e+02; 7.690000e+02; 9.999999e+06; 8.370000e+02; 1.005000e+03; 6.090000e+02; 8.390000e+02; 4.730000e+02; 6.640000e+02; 6.640000e+02; 4.400000e+02; 1.510000e+03; 7.730000e+02; 2.009000e+03; 9.520000e+02; 5.670000e+02; 1.243000e+03; 7.880000e+02; 5.310000e+02; 1.137000e+03; 2.280000e+02; 9.180000e+02; 2.134000e+03; 4.660000e+02; 9.020000e+02; 5.000000e+02; 1.012000e+03; 3.330000e+02; 9.160000e+02; 1.638000e+03; 8.890000e+02; 4.350000e+02; 2.012000e+03; 3.730000e+02; 5.190000e+02; 1.160000e+03; 
4.300000e+02; 1.369000e+03; 4.490000e+02; 1.956000e+03; 1.178000e+03; 1.364000e+03; 1.169000e+03; 5.340000e+02; 4.900000e+02; 1.736000e+03; 7.470000e+02; 8.290000e+02; 8.500000e+02; 7.210000e+02; 8.320000e+02; 9.999999e+06; 1.524000e+03; 1.019000e+03; 1.405000e+03; 1.055000e+03; 1.018000e+03; 2.210000e+02; 6.490000e+02; 1.586000e+03; 8.540000e+02; 1.849000e+03; 1.420000e+03; 1.180000e+03; 1.082000e+03; 1.460000e+03; 9.200000e+02; 1.405000e+03; 8.860000e+02; 6.590000e+02; 2.137000e+03; 1.144000e+03; 1.366000e+03; 6.850000e+02; 1.164000e+03; 6.210000e+02; 5.120000e+02; 1.489000e+03; 1.507000e+03; 1.040000e+03; 2.047000e+03; 8.480000e+02; 9.880000e+02; 1.247000e+03; 
1.295000e+03; 2.527000e+03; 1.426000e+03; 2.755000e+03; 1.976000e+03; 3.400000e+02; 4.970000e+02; 1.247000e+03; 1.189000e+03; 2.385000e+03; 1.187000e+03; 9.180000e+02; 1.228000e+03; 1.425000e+03; 1.065000e+03; 1.531000e+03; 9.999999e+06; 6.590000e+02; 2.330000e+02; 8.660000e+02; 1.323000e+03; 1.565000e+03; 1.347000e+03; 2.089000e+03; 1.544000e+03; 2.637000e+03; 1.260000e+02; 5.450000e+02; 2.079000e+03; 3.460000e+02; 7.720000e+02; 1.567000e+03; 7.510000e+02; 1.683000e+03; 2.693000e+03; 6.130000e+02; 2.740000e+02; 1.026000e+03; 1.535000e+03; 1.207000e+03; 1.826000e+03; 2.313000e+03; 1.710000e+02; 7.950000e+02; 2.715000e+03; 8.220000e+02; 1.033000e+03; 1.946000e+03; 
8.510000e+02; 2.101000e+03; 1.064000e+03; 2.399000e+03; 1.615000e+03; 4.520000e+02; 1.960000e+02; 8.340000e+02; 6.680000e+02; 2.196000e+03; 7.750000e+02; 5.860000e+02; 1.078000e+03; 1.175000e+03; 5.120000e+02; 1.028000e+03; 6.450000e+02; 9.999999e+06; 5.130000e+02; 5.090000e+02; 1.136000e+03; 9.090000e+02; 1.009000e+03; 1.929000e+03; 1.194000e+03; 2.379000e+03; 4.190000e+02; 1.650000e+02; 1.787000e+03; 3.230000e+02; 3.770000e+02; 1.412000e+03; 4.670000e+02; 1.184000e+03; 2.407000e+03; 1.180000e+02; 3.700000e+02; 6.080000e+02; 1.422000e+03; 6.090000e+02; 1.362000e+03; 2.042000e+03; 5.070000e+02; 2.690000e+02; 2.516000e+03; 3.110000e+02; 8.380000e+02; 1.685000e+03; 
1.210000e+03; 2.372000e+03; 1.385000e+03; 2.679000e+03; 1.919000e+03; 1.250000e+02; 5.160000e+02; 1.170000e+03; 1.001000e+03; 2.442000e+03; 1.102000e+03; 8.730000e+02; 1.280000e+03; 1.418000e+03; 9.550000e+02; 1.398000e+03; 2.690000e+02; 5.240000e+02; 9.999999e+06; 7.590000e+02; 1.146000e+03; 1.399000e+03; 1.311000e+03; 2.170000e+03; 1.428000e+03; 2.617000e+03; 7.900000e+01; 2.870000e+02; 2.039000e+03; 3.100000e+02; 6.800000e+02; 1.564000e+03; 6.640000e+02; 1.553000e+03; 2.738000e+03; 4.070000e+02; 9.900000e+01; 8.940000e+02; 1.569000e+03; 1.003000e+03; 1.787000e+03; 2.101000e+03; 3.290000e+02; 6.550000e+02; 2.629000e+03; 8.080000e+02; 9.340000e+02; 1.871000e+03; 
7.230000e+02; 1.779000e+03; 8.190000e+02; 2.056000e+03; 1.170000e+03; 7.260000e+02; 5.920000e+02; 9.670000e+02; 8.150000e+02; 1.664000e+03; 4.060000e+02; 3.770000e+02; 5.430000e+02; 6.490000e+02; 3.700000e+02; 1.104000e+03; 7.500000e+02; 6.310000e+02; 8.660000e+02; 9.999999e+06; 4.990000e+02; 8.410000e+02; 6.520000e+02; 1.371000e+03; 7.820000e+02; 1.895000e+03; 6.940000e+02; 6.580000e+02; 1.243000e+03; 6.820000e+02; 7.240000e+02; 9.370000e+02; 2.130000e+02; 1.047000e+03; 2.019000e+03; 5.440000e+02; 7.350000e+02; 7.910000e+02; 8.140000e+02; 5.000000e+02; 1.189000e+03; 1.511000e+03; 7.990000e+02; 5.500000e+02; 1.948000e+03; 4.380000e+02; 2.620000e+02; 1.047000e+03; 
1.005000e+03; 1.475000e+03; 8.400000e+02; 1.600000e+03; 7.150000e+02; 1.188000e+03; 1.122000e+03; 1.256000e+03; 9.700000e+02; 1.208000e+03; 5.080000e+02; 6.180000e+02; 3.040000e+02; 6.150000e+02; 7.160000e+02; 9.990000e+02; 1.175000e+03; 1.107000e+03; 1.206000e+03; 5.420000e+02; 9.999999e+06; 9.840000e+02; 4.610000e+02; 1.106000e+03; 4.600000e+02; 1.480000e+03; 1.125000e+03; 1.128000e+03; 1.115000e+03; 1.054000e+03; 1.132000e+03; 5.710000e+02; 7.550000e+02; 7.080000e+02; 1.546000e+03; 1.033000e+03; 1.198000e+03; 9.870000e+02; 5.450000e+02; 7.980000e+02; 1.228000e+03; 1.161000e+03; 1.075000e+03; 1.037000e+03; 1.506000e+03; 8.760000e+02; 3.460000e+02; 7.910000e+02; 
4.040000e+02; 1.421000e+03; 3.170000e+02; 1.918000e+03; 1.059000e+03; 1.275000e+03; 1.025000e+03; 4.200000e+02; 5.340000e+02; 1.663000e+03; 6.160000e+02; 6.600000e+02; 7.450000e+02; 7.420000e+02; 6.830000e+02; 3.280000e+02; 1.491000e+03; 9.040000e+02; 1.452000e+03; 8.820000e+02; 9.210000e+02; 9.999999e+06; 5.590000e+02; 1.624000e+03; 7.180000e+02; 1.903000e+03; 1.280000e+03; 1.053000e+03; 9.780000e+02; 1.282000e+03; 7.100000e+02; 1.140000e+03; 8.090000e+02; 5.570000e+02; 2.124000e+03; 9.840000e+02; 1.278000e+03; 7.020000e+02; 1.022000e+03; 4.910000e+02; 5.580000e+02; 1.414000e+03; 1.335000e+03; 9.490000e+02; 2.111000e+03; 6.950000e+02; 7.910000e+02; 1.189000e+03; 
5.460000e+02; 1.189000e+03; 3.450000e+02; 1.638000e+03; 7.180000e+02; 1.246000e+03; 1.034000e+03; 7.810000e+02; 6.820000e+02; 1.314000e+03; 2.510000e+02; 5.040000e+02; 2.250000e+02; 2.640000e+02; 5.930000e+02; 6.850000e+02; 1.412000e+03; 8.630000e+02; 1.312000e+03; 5.700000e+02; 5.210000e+02; 6.140000e+02; 9.999999e+06; 1.221000e+03; 4.140000e+02; 1.559000e+03; 1.246000e+03; 9.700000e+02; 8.600000e+02; 1.134000e+03; 8.680000e+02; 7.240000e+02; 6.620000e+02; 4.360000e+02; 1.807000e+03; 9.860000e+02; 1.162000e+03; 7.060000e+02; 6.200000e+02; 4.690000e+02; 6.650000e+02; 1.181000e+03; 1.090000e+03; 9.300000e+02; 1.741000e+03; 5.860000e+02; 4.120000e+02; 7.700000e+02; 
1.695000e+03; 9.620000e+02; 1.414000e+03; 8.660000e+02; 6.210000e+02; 1.982000e+03; 1.923000e+03; 1.990000e+03; 1.749000e+03; 3.520000e+02; 1.256000e+03; 1.480000e+03; 1.015000e+03; 1.106000e+03; 1.502000e+03; 1.646000e+03; 2.199000e+03; 1.954000e+03; 2.105000e+03; 1.419000e+03; 1.063000e+03; 1.542000e+03; 1.227000e+03; 9.999999e+06; 8.750000e+02; 7.980000e+02; 2.153000e+03; 1.991000e+03; 9.500000e+02; 1.929000e+03; 1.892000e+03; 6.830000e+02; 1.620000e+03; 1.115000e+03; 7.250000e+02; 1.886000e+03; 2.083000e+03; 1.857000e+03; 7.660000e+02; 1.520000e+03; 1.554000e+03; 4.590000e+02; 2.052000e+03; 2.040000e+03; 6.460000e+02; 1.834000e+03; 1.330000e+03; 5.370000e+02; 
9.520000e+02; 1.029000e+03; 5.370000e+02; 1.441000e+03; 4.510000e+02; 1.411000e+03; 1.250000e+03; 1.051000e+03; 8.330000e+02; 1.110000e+03; 5.240000e+02; 5.810000e+02; 1.840000e+02; 2.280000e+02; 6.910000e+02; 9.230000e+02; 1.568000e+03; 1.237000e+03; 1.419000e+03; 7.650000e+02; 4.230000e+02; 8.730000e+02; 4.290000e+02; 1.023000e+03; 9.999999e+06; 1.310000e+03; 1.350000e+03; 1.283000e+03; 7.190000e+02; 1.235000e+03; 1.158000e+03; 5.380000e+02; 9.010000e+02; 5.180000e+02; 1.452000e+03; 1.060000e+03; 1.373000e+03; 1.166000e+03; 4.610000e+02; 6.450000e+02; 8.510000e+02; 9.660000e+02; 1.332000e+03; 1.218000e+03; 1.365000e+03; 9.450000e+02; 5.530000e+02; 5.680000e+02; 
2.061000e+03; 7.220000e+02; 1.713000e+03; 2.980000e+02; 8.130000e+02; 2.633000e+03; 2.414000e+03; 2.254000e+03; 2.162000e+03; 4.870000e+02; 1.606000e+03; 1.867000e+03; 1.419000e+03; 1.350000e+03; 1.900000e+03; 1.728000e+03; 2.730000e+03; 2.455000e+03; 2.548000e+03; 1.965000e+03; 1.542000e+03; 1.732000e+03; 1.654000e+03; 7.550000e+02; 1.299000e+03; 9.999999e+06; 2.571000e+03; 2.564000e+03; 8.310000e+02; 2.422000e+03; 2.357000e+03; 1.210000e+03; 2.057000e+03; 1.254000e+03; 4.640000e+02; 2.359000e+03; 2.669000e+03; 2.163000e+03; 1.071000e+03; 1.856000e+03; 1.577000e+03; 4.970000e+02; 2.540000e+03; 2.371000e+03; 7.140000e+02; 2.232000e+03; 1.643000e+03; 9.520000e+02; 
1.173000e+03; 2.364000e+03; 1.322000e+03; 2.759000e+03; 1.912000e+03; 2.460000e+02; 5.300000e+02; 1.243000e+03; 1.011000e+03; 2.335000e+03; 1.125000e+03; 9.070000e+02; 1.166000e+03; 1.454000e+03; 8.600000e+02; 1.547000e+03; 2.980000e+02; 4.630000e+02; 7.500000e+01; 6.610000e+02; 1.197000e+03; 1.362000e+03; 1.227000e+03; 2.108000e+03; 1.302000e+03; 2.550000e+03; 9.999999e+06; 3.810000e+02; 2.018000e+03; 2.480000e+02; 6.610000e+02; 1.602000e+03; 7.800000e+02; 1.547000e+03; 2.606000e+03; 4.200000e+02; 1.910000e+02; 8.800000e+02; 1.573000e+03; 1.000000e+03; 1.781000e+03; 2.079000e+03; 1.740000e+02; 6.190000e+02; 2.648000e+03; 7.530000e+02; 9.630000e+02; 1.735000e+03; 
8.720000e+02; 2.158000e+03; 1.106000e+03; 2.574000e+03; 1.739000e+03; 2.730000e+02; 2.780000e+02; 9.430000e+02; 8.330000e+02; 2.234000e+03; 7.990000e+02; 6.770000e+02; 1.120000e+03; 1.245000e+03; 5.590000e+02; 1.161000e+03; 4.840000e+02; 1.630000e+02; 3.370000e+02; 5.740000e+02; 1.169000e+03; 1.163000e+03; 9.700000e+02; 2.001000e+03; 1.196000e+03; 2.375000e+03; 3.000000e+02; 9.999999e+06; 1.849000e+03; 2.650000e+02; 5.080000e+02; 1.383000e+03; 4.700000e+02; 1.421000e+03; 2.587000e+03; 2.980000e+02; 2.240000e+02; 5.860000e+02; 1.380000e+03; 8.800000e+02; 1.471000e+03; 2.064000e+03; 3.580000e+02; 4.210000e+02; 2.425000e+03; 5.530000e+02; 8.980000e+02; 1.601000e+03; 
1.284000e+03; 5.030000e+02; 8.750000e+02; 9.790000e+02; 3.750000e+02; 1.874000e+03; 1.736000e+03; 1.429000e+03; 1.243000e+03; 9.110000e+02; 1.052000e+03; 1.170000e+03; 8.360000e+02; 6.580000e+02; 1.334000e+03; 1.037000e+03; 1.998000e+03; 1.731000e+03; 2.002000e+03; 1.427000e+03; 1.041000e+03; 1.120000e+03; 8.570000e+02; 9.690000e+02; 6.740000e+02; 9.710000e+02; 1.966000e+03; 1.800000e+03; 9.999999e+06; 1.785000e+03; 1.630000e+03; 9.360000e+02; 1.323000e+03; 5.620000e+02; 1.243000e+03; 1.670000e+03; 2.000000e+03; 1.464000e+03; 7.910000e+02; 1.188000e+03; 7.470000e+02; 4.820000e+02; 2.009000e+03; 1.704000e+03; 1.232000e+03; 1.380000e+03; 1.060000e+03; 5.650000e+02; 
1.099000e+03; 2.354000e+03; 1.305000e+03; 2.528000e+03; 1.734000e+03; 1.380000e+02; 4.180000e+02; 1.078000e+03; 9.340000e+02; 2.189000e+03; 1.030000e+03; 7.520000e+02; 1.046000e+03; 1.218000e+03; 7.170000e+02; 1.360000e+03; 4.110000e+02; 4.170000e+02; 2.610000e+02; 5.560000e+02; 1.122000e+03; 1.145000e+03; 1.085000e+03; 1.986000e+03; 1.225000e+03; 2.534000e+03; 2.550000e+02; 2.470000e+02; 1.956000e+03; 9.999999e+06; 5.960000e+02; 1.445000e+03; 5.810000e+02; 1.540000e+03; 2.501000e+03; 2.440000e+02; 1.460000e+02; 8.960000e+02; 1.491000e+03; 9.460000e+02; 1.677000e+03; 2.102000e+03; 2.630000e+02; 4.830000e+02; 2.439000e+03; 6.740000e+02; 9.650000e+02; 1.749000e+03; 
6.720000e+02; 1.921000e+03; 9.480000e+02; 2.388000e+03; 1.537000e+03; 5.940000e+02; 3.940000e+02; 4.950000e+02; 4.250000e+02; 2.053000e+03; 8.490000e+02; 5.890000e+02; 9.730000e+02; 1.137000e+03; 3.880000e+02; 8.470000e+02; 8.860000e+02; 3.500000e+02; 6.130000e+02; 6.930000e+02; 1.076000e+03; 7.780000e+02; 7.910000e+02; 1.943000e+03; 1.066000e+03; 2.367000e+03; 6.900000e+02; 3.900000e+02; 1.561000e+03; 6.120000e+02; 9.999999e+06; 1.467000e+03; 5.300000e+02; 1.124000e+03; 2.558000e+03; 3.690000e+02; 6.900000e+02; 2.870000e+02; 1.441000e+03; 4.550000e+02; 1.363000e+03; 1.989000e+03; 7.090000e+02; 2.830000e+02; 2.489000e+03; 3.730000e+02; 8.000000e+02; 1.504000e+03; 
1.387000e+03; 1.277000e+03; 1.020000e+03; 1.219000e+03; 5.450000e+02; 1.467000e+03; 1.455000e+03; 1.553000e+03; 1.281000e+03; 8.830000e+02; 7.650000e+02; 9.500000e+02; 6.750000e+02; 7.700000e+02; 1.139000e+03; 1.245000e+03; 1.543000e+03; 1.437000e+03; 1.541000e+03; 8.530000e+02; 5.700000e+02; 1.325000e+03; 8.240000e+02; 5.340000e+02; 6.570000e+02; 1.287000e+03; 1.625000e+03; 1.490000e+03; 8.630000e+02; 1.468000e+03; 1.542000e+03; 9.999999e+06; 1.015000e+03; 8.910000e+02; 1.183000e+03; 1.448000e+03; 1.554000e+03; 1.406000e+03; 2.660000e+02; 1.142000e+03; 1.162000e+03; 7.650000e+02; 1.435000e+03; 1.465000e+03; 1.175000e+03; 1.278000e+03; 7.000000e+02; 6.320000e+02; 
7.470000e+02; 1.668000e+03; 7.190000e+02; 2.159000e+03; 1.183000e+03; 6.330000e+02; 5.000000e+02; 7.220000e+02; 5.250000e+02; 1.896000e+03; 4.000000e+02; 2.510000e+02; 6.360000e+02; 7.420000e+02; 3.220000e+02; 8.120000e+02; 9.310000e+02; 3.850000e+02; 6.920000e+02; 2.360000e+02; 7.270000e+02; 8.550000e+02; 6.780000e+02; 1.643000e+03; 8.470000e+02; 1.988000e+03; 7.740000e+02; 4.900000e+02; 1.324000e+03; 6.850000e+02; 4.110000e+02; 1.093000e+03; 9.999999e+06; 1.028000e+03; 2.141000e+03; 4.690000e+02; 6.550000e+02; 5.320000e+02; 1.049000e+03; 4.270000e+02; 1.228000e+03; 1.649000e+03; 7.250000e+02; 4.240000e+02; 2.064000e+03; 1.900000e+02; 4.620000e+02; 1.251000e+03; 
7.020000e+02; 1.023000e+03; 3.830000e+02; 1.383000e+03; 6.440000e+02; 1.420000e+03; 1.272000e+03; 9.140000e+02; 8.240000e+02; 1.280000e+03; 5.750000e+02; 7.230000e+02; 6.040000e+02; 3.520000e+02; 8.200000e+02; 6.950000e+02; 1.665000e+03; 1.366000e+03; 1.642000e+03; 8.670000e+02; 8.060000e+02; 6.480000e+02; 5.420000e+02; 1.173000e+03; 5.670000e+02; 1.316000e+03; 1.504000e+03; 1.408000e+03; 6.010000e+02; 1.556000e+03; 1.093000e+03; 8.260000e+02; 9.370000e+02; 9.999999e+06; 1.521000e+03; 1.187000e+03; 1.466000e+03; 9.640000e+02; 7.640000e+02; 6.170000e+02; 3.990000e+02; 1.000000e+03; 1.492000e+03; 1.147000e+03; 1.647000e+03; 9.800000e+02; 7.010000e+02; 5.540000e+02; 
2.318000e+03; 1.080000e+03; 1.876000e+03; 5.160000e+02; 1.131000e+03; 2.587000e+03; 2.633000e+03; 2.328000e+03; 2.298000e+03; 5.160000e+02; 1.836000e+03; 2.047000e+03; 1.595000e+03; 1.561000e+03; 2.094000e+03; 2.137000e+03; 2.690000e+03; 2.509000e+03; 2.644000e+03; 1.942000e+03; 1.545000e+03; 1.967000e+03; 1.716000e+03; 7.000000e+02; 1.385000e+03; 5.940000e+02; 2.612000e+03; 2.552000e+03; 1.137000e+03; 2.467000e+03; 2.474000e+03; 1.260000e+03; 2.162000e+03; 1.513000e+03; 9.999999e+06; 2.468000e+03; 2.699000e+03; 2.387000e+03; 1.201000e+03; 2.007000e+03; 1.886000e+03; 6.610000e+02; 2.545000e+03; 2.527000e+03; 2.850000e+02; 2.358000e+03; 1.796000e+03; 9.540000e+02; 
7.890000e+02; 2.177000e+03; 9.660000e+02; 2.481000e+03; 1.629000e+03; 4.110000e+02; 1.790000e+02; 9.300000e+02; 7.540000e+02; 2.061000e+03; 8.410000e+02; 6.870000e+02; 9.570000e+02; 1.116000e+03; 6.210000e+02; 1.236000e+03; 6.360000e+02; 2.630000e+02; 3.740000e+02; 5.060000e+02; 9.850000e+02; 1.055000e+03; 9.270000e+02; 1.804000e+03; 1.104000e+03; 2.429000e+03; 3.900000e+02; 2.320000e+02; 1.693000e+03; 2.960000e+02; 4.990000e+02; 1.359000e+03; 4.480000e+02; 1.361000e+03; 2.370000e+03; 9.999999e+06; 3.530000e+02; 4.880000e+02; 1.394000e+03; 8.000000e+02; 1.428000e+03; 1.896000e+03; 5.320000e+02; 2.170000e+02; 2.479000e+03; 4.230000e+02; 8.250000e+02; 1.536000e+03; 
1.154000e+03; 2.403000e+03; 1.241000e+03; 2.712000e+03; 1.817000e+03; 1.760000e+02; 3.400000e+02; 1.199000e+03; 1.014000e+03; 2.320000e+03; 1.146000e+03; 8.740000e+02; 1.232000e+03; 1.392000e+03; 7.910000e+02; 1.398000e+03; 3.500000e+02; 4.190000e+02; 1.510000e+02; 7.390000e+02; 1.116000e+03; 1.282000e+03; 1.204000e+03; 2.209000e+03; 1.436000e+03; 2.570000e+03; 2.890000e+02; 2.400000e+02; 1.959000e+03; 2.370000e+02; 5.910000e+02; 1.666000e+03; 7.260000e+02; 1.490000e+03; 2.732000e+03; 3.120000e+02; 9.999999e+06; 8.550000e+02; 1.610000e+03; 1.063000e+03; 1.665000e+03; 2.126000e+03; 2.070000e+02; 6.000000e+02; 2.664000e+03; 7.540000e+02; 1.054000e+03; 1.852000e+03; 
5.140000e+02; 1.895000e+03; 6.550000e+02; 2.265000e+03; 1.531000e+03; 7.390000e+02; 4.920000e+02; 3.290000e+02; 2.900000e+02; 2.007000e+03; 6.710000e+02; 6.150000e+02; 9.620000e+02; 9.390000e+02; 3.890000e+02; 7.080000e+02; 1.052000e+03; 5.490000e+02; 8.500000e+02; 6.820000e+02; 1.173000e+03; 5.920000e+02; 7.080000e+02; 1.878000e+03; 1.139000e+03; 2.305000e+03; 1.015000e+03; 6.360000e+02; 1.528000e+03; 8.430000e+02; 3.130000e+02; 1.391000e+03; 4.690000e+02; 1.078000e+03; 2.343000e+03; 5.290000e+02; 8.870000e+02; 9.999999e+06; 1.286000e+03; 3.610000e+02; 1.114000e+03; 1.923000e+03; 9.790000e+02; 3.400000e+02; 2.437000e+03; 4.740000e+02; 9.280000e+02; 1.576000e+03; 
1.232000e+03; 1.141000e+03; 9.430000e+02; 1.222000e+03; 5.340000e+02; 1.485000e+03; 1.372000e+03; 1.439000e+03; 1.153000e+03; 8.790000e+02; 6.780000e+02; 8.620000e+02; 3.900000e+02; 6.110000e+02; 9.490000e+02; 1.157000e+03; 1.610000e+03; 1.385000e+03; 1.532000e+03; 8.290000e+02; 3.820000e+02; 1.057000e+03; 7.700000e+02; 7.340000e+02; 4.830000e+02; 1.183000e+03; 1.580000e+03; 1.504000e+03; 7.540000e+02; 1.350000e+03; 1.357000e+03; 2.550000e+02; 1.001000e+03; 6.410000e+02; 1.214000e+03; 1.312000e+03; 1.653000e+03; 1.420000e+03; 9.999999e+06; 1.030000e+03; 1.168000e+03; 7.090000e+02; 1.451000e+03; 1.329000e+03; 1.247000e+03; 1.090000e+03; 6.530000e+02; 3.640000e+02; 
2.620000e+02; 1.623000e+03; 3.970000e+02; 1.915000e+03; 1.050000e+03; 8.980000e+02; 6.820000e+02; 5.730000e+02; 2.370000e+02; 1.775000e+03; 3.420000e+02; 4.390000e+02; 6.360000e+02; 6.980000e+02; 1.960000e+02; 6.380000e+02; 1.092000e+03; 6.830000e+02; 1.125000e+03; 5.780000e+02; 6.950000e+02; 3.640000e+02; 4.870000e+02; 1.644000e+03; 6.670000e+02; 1.815000e+03; 1.011000e+03; 8.420000e+02; 1.238000e+03; 1.022000e+03; 5.430000e+02; 1.179000e+03; 4.560000e+02; 7.710000e+02; 2.058000e+03; 7.950000e+02; 9.100000e+02; 4.490000e+02; 1.058000e+03; 9.999999e+06; 8.120000e+02; 1.411000e+03; 1.112000e+03; 6.100000e+02; 2.066000e+03; 4.170000e+02; 5.740000e+02; 1.033000e+03; 
7.980000e+02; 1.070000e+03; 4.760000e+02; 1.489000e+03; 7.900000e+02; 1.729000e+03; 1.582000e+03; 9.400000e+02; 9.540000e+02; 1.562000e+03; 9.570000e+02; 9.220000e+02; 9.570000e+02; 6.950000e+02; 1.068000e+03; 5.670000e+02; 1.847000e+03; 1.458000e+03; 1.743000e+03; 1.210000e+03; 1.096000e+03; 6.270000e+02; 8.460000e+02; 1.502000e+03; 8.380000e+02; 1.554000e+03; 1.835000e+03; 1.462000e+03; 7.090000e+02; 1.766000e+03; 1.195000e+03; 1.150000e+03; 1.063000e+03; 4.960000e+02; 1.727000e+03; 1.452000e+03; 1.803000e+03; 1.194000e+03; 9.970000e+02; 8.330000e+02; 9.999999e+06; 1.159000e+03; 1.857000e+03; 1.385000e+03; 1.819000e+03; 1.098000e+03; 1.074000e+03; 9.070000e+02; 
1.536000e+03; 5.980000e+02; 1.201000e+03; 6.310000e+02; 4.490000e+02; 2.195000e+03; 2.058000e+03; 1.776000e+03; 1.767000e+03; 4.940000e+02; 1.261000e+03; 1.519000e+03; 1.138000e+03; 9.000000e+02; 1.547000e+03; 1.459000e+03; 2.231000e+03; 1.924000e+03; 2.156000e+03; 1.470000e+03; 9.930000e+02; 1.388000e+03; 1.175000e+03; 4.070000e+02; 9.550000e+02; 5.690000e+02; 2.225000e+03; 2.090000e+03; 5.010000e+02; 2.123000e+03; 2.002000e+03; 8.410000e+02; 1.592000e+03; 9.880000e+02; 6.990000e+02; 1.868000e+03; 2.137000e+03; 1.899000e+03; 6.580000e+02; 1.530000e+03; 1.127000e+03; 9.999999e+06; 2.060000e+03; 1.916000e+03; 7.450000e+02; 1.667000e+03; 1.272000e+03; 5.100000e+02; 
1.176000e+03; 2.389000e+03; 1.379000e+03; 2.717000e+03; 1.694000e+03; 3.320000e+02; 4.080000e+02; 1.260000e+03; 1.022000e+03; 2.321000e+03; 1.004000e+03; 8.790000e+02; 1.079000e+03; 1.384000e+03; 8.140000e+02; 1.588000e+03; 2.500000e+02; 4.960000e+02; 2.170000e+02; 6.850000e+02; 1.100000e+03; 1.308000e+03; 1.175000e+03; 1.985000e+03; 1.293000e+03; 2.589000e+03; 2.360000e+02; 4.980000e+02; 1.912000e+03; 1.700000e+02; 7.090000e+02; 1.428000e+03; 7.810000e+02; 1.574000e+03; 2.471000e+03; 5.300000e+02; 2.120000e+02; 8.510000e+02; 1.544000e+03; 1.096000e+03; 1.675000e+03; 2.133000e+03; 9.999999e+06; 7.080000e+02; 2.454000e+03; 7.060000e+02; 9.070000e+02; 1.672000e+03; 
6.190000e+02; 2.085000e+03; 9.900000e+02; 2.459000e+03; 1.541000e+03; 5.200000e+02; 2.800000e+02; 7.930000e+02; 5.070000e+02; 2.204000e+03; 8.210000e+02; 6.440000e+02; 1.092000e+03; 1.176000e+03; 4.200000e+02; 9.480000e+02; 6.360000e+02; 2.310000e+02; 6.050000e+02; 6.290000e+02; 1.046000e+03; 9.450000e+02; 8.310000e+02; 1.990000e+03; 1.162000e+03; 2.387000e+03; 6.000000e+02; 4.160000e+02; 1.766000e+03; 4.940000e+02; 1.970000e+02; 1.483000e+03; 4.200000e+02; 1.173000e+03; 2.410000e+03; 2.500000e+02; 6.150000e+02; 4.450000e+02; 1.441000e+03; 5.390000e+02; 1.294000e+03; 1.902000e+03; 5.900000e+02; 9.999999e+06; 2.434000e+03; 4.230000e+02; 7.570000e+02; 1.531000e+03; 
2.281000e+03; 1.127000e+03; 1.889000e+03; 7.270000e+02; 1.131000e+03; 2.498000e+03; 2.445000e+03; 2.443000e+03; 2.350000e+03; 5.940000e+02; 1.874000e+03; 2.030000e+03; 1.591000e+03; 1.659000e+03; 2.192000e+03; 2.056000e+03; 2.593000e+03; 2.501000e+03; 2.532000e+03; 1.979000e+03; 1.553000e+03; 2.056000e+03; 1.761000e+03; 5.770000e+02; 1.529000e+03; 5.950000e+02; 2.553000e+03; 2.613000e+03; 1.292000e+03; 2.555000e+03; 2.474000e+03; 1.123000e+03; 2.106000e+03; 1.632000e+03; 3.240000e+02; 2.448000e+03; 2.712000e+03; 2.465000e+03; 1.183000e+03; 2.151000e+03; 1.793000e+03; 7.950000e+02; 2.542000e+03; 2.526000e+03; 9.999999e+06; 2.196000e+03; 1.783000e+03; 1.001000e+03; 
5.840000e+02; 1.919000e+03; 7.270000e+02; 2.331000e+03; 1.424000e+03; 6.100000e+02; 4.910000e+02; 7.610000e+02; 5.140000e+02; 1.839000e+03; 4.550000e+02; 4.270000e+02; 7.330000e+02; 8.330000e+02; 2.820000e+02; 9.330000e+02; 7.690000e+02; 3.760000e+02; 7.120000e+02; 4.330000e+02; 8.860000e+02; 6.360000e+02; 6.940000e+02; 1.782000e+03; 9.640000e+02; 2.210000e+03; 7.480000e+02; 5.830000e+02; 1.400000e+03; 6.750000e+02; 3.750000e+02; 1.234000e+03; 1.520000e+02; 1.078000e+03; 2.279000e+03; 3.770000e+02; 6.650000e+02; 3.320000e+02; 1.160000e+03; 4.850000e+02; 1.090000e+03; 1.641000e+03; 6.310000e+02; 4.150000e+02; 2.342000e+03; 9.999999e+06; 6.450000e+02; 1.281000e+03; 
8.560000e+02; 1.456000e+03; 6.700000e+02; 1.757000e+03; 9.000000e+02; 8.600000e+02; 8.420000e+02; 1.110000e+03; 8.310000e+02; 1.365000e+03; 3.240000e+02; 4.800000e+02; 3.350000e+02; 6.250000e+02; 5.250000e+02; 9.810000e+02; 1.008000e+03; 8.960000e+02; 1.082000e+03; 2.500000e+02; 2.740000e+02; 8.020000e+02; 4.700000e+02; 1.140000e+03; 4.860000e+02; 1.609000e+03; 1.062000e+03; 8.320000e+02; 1.051000e+03; 9.370000e+02; 9.140000e+02; 6.150000e+02; 4.260000e+02; 8.570000e+02; 1.856000e+03; 7.860000e+02; 1.087000e+03; 9.550000e+02; 5.600000e+02; 6.460000e+02; 1.048000e+03; 1.351000e+03; 1.035000e+03; 8.090000e+02; 1.752000e+03; 6.790000e+02; 9.999999e+06; 8.110000e+02; 
1.209000e+03; 7.240000e+02; 9.570000e+02; 1.012000e+03; 2.480000e+02; 1.750000e+03; 1.558000e+03; 1.373000e+03; 1.393000e+03; 6.830000e+02; 9.570000e+02; 1.018000e+03; 5.880000e+02; 6.330000e+02; 1.190000e+03; 1.169000e+03; 1.840000e+03; 1.656000e+03; 1.912000e+03; 1.112000e+03; 8.110000e+02; 1.188000e+03; 8.730000e+02; 5.900000e+02; 4.280000e+02; 9.840000e+02; 1.759000e+03; 1.682000e+03; 5.090000e+02; 1.743000e+03; 1.590000e+03; 4.800000e+02; 1.202000e+03; 7.030000e+02; 1.134000e+03; 1.594000e+03; 1.913000e+03; 1.515000e+03; 3.460000e+02; 1.227000e+03; 9.680000e+02; 5.370000e+02; 1.714000e+03; 1.616000e+03; 1.145000e+03; 1.371000e+03; 9.020000e+02; 9.999999e+06; 
Recursion step 1:
Costs:
0.000000e+00; 1.457833e+03; 4.792222e+02; 2.018167e+03; 1.204833e+03; 9.773333e+02; 7.902500e+02; 3.971667e+02; 1.704667e+03; 5.825000e+02; 4.810000e+02; 8.343333e+02; 8.138333e+02; 1.115000e+03; 7.340000e+02; 5.730000e+02; 1.227167e+03; 5.048333e+02; 7.970000e+02; 2.193167e+03; 
1.420167e+03; 0.000000e+00; 1.147333e+03; 8.075000e+02; 5.632500e+02; 2.058750e+03; 1.925875e+03; 1.643500e+03; 8.041667e+02; 1.106000e+03; 1.438250e+03; 1.098500e+03; 8.910000e+02; 2.167500e+03; 1.380250e+03; 1.845500e+03; 9.915000e+02; 1.576250e+03; 8.355000e+02; 1.164500e+03; 
4.965556e+02; 1.174167e+03; 0.000000e+00; 1.814500e+03; 1.075000e+03; 1.314000e+03; 1.076167e+03; 6.336667e+02; 1.499000e+03; 5.830000e+02; 6.836667e+02; 8.160000e+02; 6.536667e+02; 1.400867e+03; 8.696667e+02; 9.040000e+02; 1.113833e+03; 7.790000e+02; 5.360000e+02; 2.020500e+03; 
2.061833e+03; 8.060000e+02; 1.780833e+03; 0.000000e+00; 9.547500e+02; 2.599500e+03; 2.499625e+03; 2.278500e+03; 6.416667e+02; 1.686000e+03; 1.984000e+03; 1.540250e+03; 1.389250e+03; 2.639100e+03; 1.875750e+03; 2.411500e+03; 1.201500e+03; 2.153500e+03; 1.462500e+03; 6.115000e+02; 
1.258167e+03; 5.825000e+02; 1.027833e+03; 9.597500e+02; 0.000000e+00; 1.719250e+03; 1.651125e+03; 1.463000e+03; 6.420000e+02; 8.727500e+02; 1.140500e+03; 7.585000e+02; 5.780000e+02; 1.830300e+03; 1.012000e+03; 1.573500e+03; 5.092500e+02; 1.292750e+03; 7.977500e+02; 1.107000e+03; 
9.963333e+02; 2.102250e+03; 1.296833e+03; 2.555500e+03; 1.740750e+03; 0.000000e+00; 3.396250e+02; 9.245000e+02; 2.142000e+03; 1.062000e+03; 7.337500e+02; 1.111000e+03; 1.313500e+03; 2.779000e+02; 8.340000e+02; 5.472500e+02; 1.508000e+03; 6.577500e+02; 1.585250e+03; 2.538000e+03; 
7.885000e+02; 1.943125e+03; 1.088833e+03; 2.440000e+03; 1.639000e+03; 3.236250e+02; 0.000000e+00; 7.468750e+02; 2.035000e+03; 8.911250e+02; 6.212500e+02; 1.072500e+03; 1.171375e+03; 4.420000e+02; 6.948750e+02; 3.652500e+02; 1.408750e+03; 4.560000e+02; 1.377375e+03; 2.477875e+03; 
1.941667e+02; 8.557500e+02; 3.258333e+02; 1.142500e+03; 7.767500e+02; 3.955000e+02; 2.757500e+02; 0.000000e+00; 9.680000e+02; 3.447500e+02; 2.510000e+02; 5.337500e+02; 5.195000e+02; 4.783000e+02; 4.025000e+02; 1.632500e+02; 6.692500e+02; 2.357500e+02; 5.480000e+02; 1.195000e+03; 
1.723667e+03; 7.833333e+02; 1.515889e+03; 6.471667e+02; 6.005000e+02; 2.139167e+03; 2.030750e+03; 1.960667e+03; 0.000000e+00; 1.309667e+03; 1.567667e+03; 1.131167e+03; 1.003500e+03; 2.209667e+03; 1.434333e+03; 2.005167e+03; 7.585000e+02; 1.757000e+03; 1.260167e+03; 6.235000e+02; 
5.586667e+02; 1.082000e+03; 6.058333e+02; 1.693500e+03; 8.085000e+02; 1.109750e+03; 9.007500e+02; 7.565000e+02; 1.311000e+03; 0.000000e+00; 4.410000e+02; 3.750000e+02; 3.895000e+02; 1.168000e+03; 4.767500e+02; 8.390000e+02; 7.457500e+02; 5.787500e+02; 6.825000e+02; 1.842500e+03; 
4.698333e+02; 1.475250e+03; 6.843333e+02; 1.985000e+03; 1.123750e+03; 8.047500e+02; 6.273750e+02; 5.995000e+02; 1.563500e+03; 3.847500e+02; 0.000000e+00; 6.137500e+02; 6.947500e+02; 9.019000e+02; 4.262500e+02; 5.475000e+02; 1.003750e+03; 3.062500e+02; 8.815000e+02; 2.008500e+03; 
8.576667e+02; 1.203000e+03; 8.631667e+02; 1.539250e+03; 7.365000e+02; 1.135500e+03; 1.065875e+03; 1.020750e+03; 1.168167e+03; 3.732500e+02; 6.282500e+02; 0.000000e+00; 4.142500e+02; 1.217500e+03; 4.272500e+02; 1.055000e+03; 5.417500e+02; 7.730000e+02; 8.405000e+02; 1.563500e+03; 
7.790000e+02; 8.577500e+02; 7.105000e+02; 1.426250e+03; 5.302500e+02; 1.308000e+03; 1.173625e+03; 1.043000e+03; 1.036833e+03; 3.795000e+02; 6.770000e+02; 3.250000e+02; 0.000000e+00; 1.412600e+03; 6.550000e+02; 1.156500e+03; 5.552500e+02; 8.335000e+02; 6.450000e+02; 1.488750e+03; 
1.107600e+03; 2.206200e+03; 1.408733e+03; 2.658500e+03; 1.839400e+03; 2.530000e+02; 4.542500e+02; 1.062500e+03; 2.207733e+03; 1.182800e+03; 8.936000e+02; 1.186700e+03; 1.407600e+03; 0.000000e+00; 8.601000e+02; 6.790000e+02; 1.565800e+03; 7.545000e+02; 1.658100e+03; 2.635000e+03; 
7.285000e+02; 1.382250e+03; 8.695000e+02; 1.829250e+03; 9.820000e+02; 8.012500e+02; 7.226250e+02; 9.557500e+02; 1.400333e+03; 4.630000e+02; 4.380000e+02; 4.127500e+02; 6.355000e+02; 9.118000e+02; 0.000000e+00; 7.492500e+02; 7.315000e+02; 4.390000e+02; 1.035250e+03; 1.893750e+03; 
5.361667e+02; 1.833250e+03; 9.093333e+02; 2.400250e+03; 1.528250e+03; 5.550000e+02; 3.350000e+02; 5.050000e+02; 2.013500e+03; 8.230000e+02; 5.102500e+02; 1.046750e+03; 1.135250e+03; 6.634000e+02; 7.197500e+02; 0.000000e+00; 1.458000e+03; 4.365000e+02; 1.238500e+03; 2.472750e+03; 
1.204167e+03; 1.008750e+03; 1.124500e+03; 1.227750e+03; 5.187500e+02; 1.442500e+03; 1.425375e+03; 1.454500e+03; 7.506667e+02; 7.592500e+02; 9.750000e+02; 5.042500e+02; 6.302500e+02; 1.552400e+03; 7.587500e+02; 1.423250e+03; 0.000000e+00; 1.096000e+03; 9.655000e+02; 1.204750e+03; 
5.470000e+02; 1.577750e+03; 7.803333e+02; 2.172000e+03; 1.284750e+03; 6.507500e+02; 4.588750e+02; 5.867500e+02; 1.741667e+03; 5.567500e+02; 3.205000e+02; 7.455000e+02; 8.465000e+02; 7.302000e+02; 4.440000e+02; 4.062500e+02; 1.134000e+03; 0.000000e+00; 1.106000e+03; 2.206500e+03; 
7.880000e+02; 8.507500e+02; 5.660000e+02; 1.435500e+03; 7.237500e+02; 1.617750e+03; 1.398375e+03; 1.003000e+03; 1.279333e+03; 7.300000e+02; 8.832500e+02; 8.657500e+02; 6.130000e+02; 1.685400e+03; 9.630000e+02; 1.205000e+03; 9.342500e+02; 1.019500e+03; 0.000000e+00; 1.678500e+03; 
2.234167e+03; 1.159000e+03; 1.996833e+03; 6.080000e+02; 1.054250e+03; 2.526750e+03; 2.521125e+03; 2.405750e+03; 6.405000e+02; 1.796750e+03; 2.090750e+03; 1.571000e+03; 1.533500e+03; 2.612200e+03; 1.875000e+03; 2.500250e+03; 1.191750e+03; 2.205500e+03; 1.706000e+03; 0.000000e+00; 
Recursion step 2:
Costs:
0.000000e+00; 1.073792e+03; 5.375139e+02; 1.536917e+03; 7.415333e+02; 4.505625e+02; 6.661583e+02; 3.681458e+02; 
1.446208e+03; 0.000000e+00; 9.521042e+02; 9.141528e+02; 1.943950e+03; 1.749000e+03; 9.197750e+02; 1.361938e+03; 
7.303056e+02; 9.559167e+02; 0.000000e+00; 1.621222e+03; 1.504504e+03; 1.145885e+03; 8.142167e+02; 8.413542e+02; 
2.110764e+03; 8.929722e+02; 1.620370e+03; 0.000000e+00; 2.454397e+03; 2.328069e+03; 1.419861e+03; 1.959736e+03; 
1.022733e+03; 1.972150e+03; 1.487229e+03; 2.456122e+03; 0.000000e+00; 5.050312e+02; 1.203150e+03; 7.599000e+02; 
6.441354e+02; 1.735906e+03; 1.153510e+03; 2.306562e+03; 4.960063e+02; 0.000000e+00; 1.042138e+03; 5.060000e+02; 
9.358500e+02; 9.109750e+02; 8.342250e+02; 1.425083e+03; 1.205930e+03; 1.051125e+03; 0.000000e+00; 6.879500e+02; 
5.507708e+02; 1.365375e+03; 8.630417e+02; 1.946194e+03; 7.719000e+02; 5.100000e+02; 6.850000e+02; 0.000000e+00; 
