Recursion step 0:
Partitions:
0; 1; 
2; 72; 
3; 4; 
5; 75; 
6; 7; 
8; 78; 
9; 10; 
11; 81; 
12; 13; 
14; 84; 
15; 16; 
17; 87; 
18; 19; 
20; 90; 
21; 22; 
23; 93; 
24; 25; 
26; 96; 
27; 28; 
29; 99; 
30; 31; 
32; 102; 
33; 34; 
35; 105; 
36; 37; 
38; 108; 
39; 40; 
41; 111; 
42; 43; 
44; 114; 
45; 46; 
47; 117; 
48; 49; 
50; 120; 
51; 52; 
53; 123; 
54; 55; 
56; 126; 
57; 58; 
59; 129; 
60; 61; 
62; 132; 
63; 64; 
65; 135; 
66; 67; 
68; 138; 
69; 70; 
71; 141; 
73; 74; 
76; 77; 
79; 80; 
82; 83; 
85; 86; 
88; 89; 
91; 92; 
94; 95; 
97; 98; 
100; 101; 
103; 104; 
106; 107; 
109; 110; 
112; 113; 
115; 116; 
118; 119; 
121; 122; 
124; 125; 
127; 128; 
130; 131; 
133; 134; 
136; 137; 
139; 140; 
142; 143; 
144; 145; 
146; 147; 
148; 149; 
150; 151; 
152; 153; 
154; 155; 
156; 157; 
158; 159; 
160; 161; 
162; 163; 
164; 165; 
166; 167; 
168; 169; 
170; 171; 
172; 173; 
174; 175; 
176; 177; 
178; 179; 
180; 181; 
182; 183; 
184; 185; 
186; 187; 
188; 189; 
190; 191; 
192; 193; 
194; 195; 
196; 197; 
198; 199; 
200; 201; 
202; 203; 
204; 205; 
206; 207; 
208; 209; 
210; 211; 
212; 213; 
214; 215; 
216; 217; 
218; 219; 
220; 221; 
222; 223; 
224; 225; 
226; 227; 
228; 229; 
230; 231; 
232; 233; 
234; 235; 
236; 237; 
238; 239; 
240; 241; 
242; 243; 
244; 245; 
246; 247; 
248; 249; 
250; 251; 
252; 253; 
254; 255; 
256; 257; 
258; 259; 
260; 261; 
262; 263; 
264; 265; 
266; 267; 
268; 269; 
270; 271; 
272; 273; 
274; 275; 
276; 277; 
278; 279; 
280; 281; 
282; 283; 
284; 285; 
286; 287; 
288; 289; 
290; 291; 
292; 293; 
294; 295; 
296; 297; 
298; 299; 
300; 301; 
302; 303; 
304; 305; 
306; 307; 
308; 309; 
310; 311; 
312; 313; 
314; 315; 
316; 317; 
318; 319; 
320; 321; 
322; 323; 
324; 325; 
326; 327; 
328; 329; 
330; 331; 
332; 333; 
334; 335; 
336; 337; 
338; 423; 
339; 340; 
341; 425; 
342; 343; 
344; 427; 
345; 346; 
347; 430; 
348; 349; 
350; 420; 
351; 352; 
353; 418; 
354; 355; 
356; 415; 
357; 358; 
359; 413; 
360; 361; 
362; 410; 
363; 364; 
365; 428; 
366; 367; 
368; 419; 
369; 370; 
371; 409; 
372; 373; 
374; 411; 
375; 376; 
377; 412; 
378; 379; 
380; 414; 
381; 382; 
383; 416; 
384; 385; 
386; 417; 
387; 388; 
389; 421; 
390; 391; 
392; 408; 
393; 394; 
395; 431; 
396; 397; 
398; 429; 
399; 400; 
401; 422; 
402; 403; 
404; 426; 
405; 406; 
407; 424; 
432; 486; 458; 
433; 468; 496; 
434; 457; 491; 
435; 470; 500; 
436; 462; 503; 
437; 473; 
438; 459; 
439; 465; 
440; 472; 494; 
441; 484; 463; 
442; 474; 
443; 482; 478; 
444; 498; 471; 
445; 481; 469; 
446; 483; 475; 
447; 467; 493; 
448; 476; 
449; 492; 464; 
450; 477; 
451; 461; 
452; 460; 
453; 479; 495; 
454; 456; 
455; 466; 485; 
480; 526; 529; 
487; 544; 506; 
488; 524; 533; 
489; 525; 541; 
490; 528; 511; 
497; 512; 531; 
499; 508; 547; 
501; 535; 520; 
502; 543; 521; 
504; 545; 
505; 551; 
507; 539; 
509; 548; 
510; 550; 
513; 536; 
514; 534; 
515; 538; 
516; 530; 
517; 537; 
518; 532; 
519; 542; 
522; 549; 
523; 546; 
527; 540; 
552; 994; 
553; 1020; 
554; 1021; 
555; 1024; 
556; 1026; 
557; 1028; 
558; 1029; 
559; 1011; 
560; 1010; 
561; 1007; 
562; 996; 
563; 998; 
564; 992; 
565; 1002; 
566; 1003; 
567; 1005; 
568; 1009; 
569; 1014; 
570; 1018; 
571; 1016; 
572; 1013; 
573; 1022; 
574; 1004; 
575; 1000; 
576; 997; 
577; 993; 
578; 1031; 
579; 1025; 
580; 1012; 
581; 1017; 
582; 1030; 
583; 995; 
584; 1027; 
585; 1006; 
586; 999; 
587; 1001; 
588; 1023; 
589; 1015; 
590; 1019; 
591; 1008; 
592; 596; 
593; 603; 
594; 595; 
597; 600; 
598; 599; 
601; 617; 
602; 605; 
604; 613; 
606; 607; 
608; 618; 
609; 610; 
611; 612; 
614; 629; 
615; 616; 
619; 630; 
620; 622; 
621; 626; 
623; 625; 
624; 628; 
627; 631; 
632; 644; 
633; 649; 
634; 636; 
635; 661; 
637; 640; 
638; 647; 
639; 645; 
641; 646; 
642; 643; 
648; 653; 
650; 660; 
651; 652; 
654; 655; 
656; 659; 
657; 658; 
662; 668; 
663; 666; 
664; 669; 
665; 667; 
670; 671; 
672; 674; 
673; 682; 
675; 676; 
677; 678; 
679; 680; 
681; 685; 
683; 684; 
686; 687; 
688; 689; 
690; 691; 
692; 700; 
693; 701; 
694; 711; 
695; 696; 
697; 702; 
698; 699; 
703; 710; 
704; 705; 
706; 707; 
708; 709; 718; 
712; 719; 
713; 715; 714; 
716; 717; 
720; 721; 
722; 738; 
723; 724; 
725; 735; 
726; 727; 
728; 729; 
730; 732; 
731; 751; 
733; 734; 
736; 737; 
739; 745; 
740; 750; 
741; 742; 
743; 748; 
744; 746; 
747; 749; 
752; 755; 
753; 773; 
754; 756; 
757; 767; 
758; 769; 
759; 765; 
760; 763; 
761; 766; 
762; 768; 
764; 783; 
770; 779; 
771; 785; 
772; 775; 
774; 776; 
777; 778; 
780; 781; 
782; 791; 
784; 790; 
786; 788; 
787; 789; 
792; 803; 
793; 794; 
795; 796; 
797; 798; 
799; 800; 
801; 802; 
804; 815; 
805; 806; 
807; 808; 
809; 810; 
811; 812; 
813; 814; 
816; 817; 
818; 828; 
819; 822; 
820; 821; 
823; 826; 
824; 829; 
825; 831; 
827; 830; 
832; 836; 
833; 834; 
835; 849; 
837; 838; 
839; 842; 
840; 869; 
841; 843; 
844; 846; 
845; 847; 
848; 851; 
850; 858; 
852; 855; 
853; 857; 
854; 856; 
859; 861; 
860; 870; 
862; 864; 
863; 866; 
865; 867; 
868; 871; 
872; 878; 
873; 874; 
875; 876; 
877; 881; 
879; 880; 
882; 898; 
883; 885; 
884; 894; 
886; 887; 
888; 889; 
890; 891; 
892; 893; 
895; 896; 
897; 910; 
899; 907; 
900; 905; 
901; 904; 
902; 911; 
903; 909; 
906; 908; 
912; 920; 
913; 917; 
914; 916; 
915; 929; 
918; 919; 
921; 922; 
923; 926; 
924; 925; 
927; 932; 
928; 931; 
930; 951; 
933; 935; 
934; 948; 
936; 937; 
938; 940; 
939; 941; 
942; 950; 
943; 946; 
944; 949; 
945; 947; 
952; 965; 
953; 977; 
954; 963; 
955; 956; 
957; 958; 
959; 960; 
961; 962; 
964; 974; 
966; 967; 
968; 969; 
970; 971; 
972; 973; 
975; 989; 
976; 991; 
978; 986; 
979; 990; 
980; 981; 
982; 983; 
984; 985; 
987; 988; 
Recursion step 1:
Partitions:
0; 1; 
2; 3; 
4; 6; 7; 51; 78; 79; 126; 127; 125; 124; 77; 76; 50; 5; 
8; 9; 
10; 11; 
12; 13; 
14; 15; 
16; 17; 
18; 19; 
20; 21; 
22; 23; 
24; 25; 60; 96; 97; 144; 145; 192; 193; 195; 194; 147; 146; 99; 98; 61; 27; 26; 
28; 29; 
30; 31; 
32; 33; 
34; 35; 
36; 37; 
38; 39; 
40; 41; 68; 69; 43; 42; 
44; 46; 47; 71; 70; 45; 
48; 72; 73; 75; 74; 49; 
52; 80; 
53; 82; 
54; 84; 
55; 86; 
56; 88; 89; 91; 90; 57; 
58; 92; 
59; 94; 
62; 100; 
63; 102; 
64; 104; 
65; 106; 
66; 108; 
67; 110; 
81; 128; 
83; 130; 
85; 87; 
93; 140; 
95; 142; 
101; 148; 
103; 150; 
105; 152; 
107; 154; 
109; 156; 
111; 158; 
112; 113; 
114; 115; 
116; 117; 
118; 119; 
120; 121; 
122; 123; 
129; 176; 
131; 178; 
132; 133; 
134; 135; 
136; 137; 
138; 139; 
141; 188; 189; 227; 249; 241; 226; 191; 190; 143; 
149; 196; 197; 199; 198; 151; 
153; 155; 
157; 204; 
159; 206; 
160; 161; 
162; 163; 
164; 165; 
166; 167; 
168; 169; 
170; 171; 
172; 173; 
174; 175; 
177; 179; 237; 262; 261; 231; 
180; 181; 
182; 183; 
184; 185; 
186; 187; 
200; 201; 
202; 203; 
205; 219; 
207; 220; 
208; 209; 
210; 211; 
212; 213; 
214; 215; 
216; 253; 
217; 250; 
218; 257; 
221; 246; 
222; 244; 
223; 245; 
224; 251; 
225; 258; 
228; 252; 
229; 256; 
230; 259; 
232; 248; 
233; 263; 
234; 243; 
235; 240; 
236; 247; 
238; 242; 
239; 260; 
254; 255; 
264; 272; 
265; 282; 
266; 267; 
268; 269; 
270; 271; 
273; 280; 
274; 275; 
276; 277; 
278; 279; 
281; 283; 
284; 302; 
285; 301; 
286; 303; 
287; 288; 
289; 294; 
290; 291; 
292; 293; 
295; 296; 
297; 298; 
299; 300; 
304; 306; 
305; 310; 
307; 308; 
309; 316; 
311; 317; 
312; 313; 
314; 315; 
318; 322; 
319; 320; 
321; 323; 
324; 331; 
325; 340; 
326; 333; 
327; 335; 
328; 332; 
329; 330; 
334; 343; 
336; 338; 
337; 341; 
339; 342; 
344; 353; 
345; 348; 
346; 365; 347; 
349; 350; 
351; 352; 
354; 359; 
355; 360; 
356; 363; 
357; 358; 
361; 362; 
364; 366; 
367; 396; 397; 
368; 374; 
369; 402; 401; 
370; 376; 
371; 372; 
373; 375; 
377; 378; 
379; 380; 
381; 382; 
383; 394; 
384; 395; 
385; 392; 
386; 388; 
387; 391; 
389; 390; 
393; 400; 
398; 399; 
403; 408; 
404; 405; 
406; 407; 
409; 414; 
410; 411; 
412; 413; 
415; 416; 
417; 422; 
418; 419; 
420; 421; 
423; 428; 
424; 432; 
425; 426; 
427; 431; 
429; 430; 
433; 440; 
434; 435; 
436; 437; 
438; 439; 
441; 442; 
443; 445; 
444; 449; 
446; 447; 
448; 456; 
450; 455; 
451; 452; 
453; 454; 
457; 461; 
458; 460; 
459; 462; 
463; 469; 
464; 480; 
465; 472; 
466; 467; 
468; 470; 
471; 475; 
473; 477; 
474; 476; 
478; 481; 
479; 482; 
483; 489; 
484; 496; 
485; 486; 
487; 488; 
490; 495; 
491; 492; 
493; 494; 
497; 501; 
498; 502; 
499; 500; 
Recursion step 2:
Partitions:
0; 1; 20; 
2; 34; 
3; 21; 
4; 22; 
5; 23; 
6; 24; 
7; 8; 25; 
9; 10; 27; 38; 57; 37; 26; 
11; 89; 86; 
12; 28; 
13; 29; 
14; 30; 
15; 31; 
16; 17; 33; 44; 61; 78; 101; 77; 60; 43; 32; 
18; 45; 62; 63; 46; 
19; 47; 64; 81; 87; 90; 82; 65; 48; 
35; 52; 
36; 54; 72; 96; 94; 71; 53; 
39; 40; 
41; 42; 59; 
49; 66; 97; 99; 67; 50; 
51; 70; 
55; 56; 74; 100; 93; 73; 
58; 91; 83; 
68; 98; 
69; 95; 
75; 84; 
76; 88; 
79; 92; 
80; 85; 
102; 106; 
103; 111; 
104; 105; 
107; 110; 
108; 109; 
112; 118; 
113; 121; 
114; 115; 
116; 117; 
119; 120; 
122; 124; 
123; 127; 
125; 129; 
126; 128; 
130; 131; 
132; 136; 
133; 137; 
134; 143; 141; 
135; 140; 
138; 139; 
142; 149; 
144; 152; 
145; 146; 
147; 150; 
148; 151; 
153; 168; 
154; 161; 
155; 164; 157; 
156; 158; 
159; 160; 
162; 165; 
163; 169; 
166; 167; 
170; 174; 
171; 172; 
173; 175; 
176; 178; 
177; 179; 
180; 183; 
181; 189; 
182; 184; 
185; 186; 
187; 188; 
190; 192; 
191; 195; 
193; 198; 
194; 196; 
197; 199; 
200; 201; 
202; 209; 
203; 204; 
205; 208; 
206; 207; 
210; 215; 
211; 218; 
212; 213; 
214; 216; 
217; 219; 
Recursion step 3:
Partitions:
0; 20; 
1; 21; 16; 3; 2; 
4; 17; 5; 
6; 7; 22; 
8; 9; 
10; 18; 
11; 19; 27; 13; 12; 
14; 28; 
15; 29; 
23; 26; 
24; 25; 
30; 32; 
31; 36; 
33; 34; 
35; 39; 
37; 38; 
40; 49; 47; 52; 45; 43; 41; 
42; 44; 
46; 48; 
50; 51; 
53; 54; 
55; 61; 
56; 59; 
57; 62; 58; 
60; 67; 
63; 65; 
64; 66; 
68; 77; 
69; 70; 
71; 72; 
73; 75; 
74; 76; 
78; 81; 
79; 82; 85; 83; 86; 80; 
84; 87; 
Recursion step 4:
Partitions:
0; 1; 10; 
2; 3; 
4; 5; 
6; 9; 
7; 8; 
11; 13; 
12; 14; 
15; 34; 
16; 18; 17; 
19; 20; 
21; 23; 
22; 24; 
25; 26; 
27; 29; 28; 31; 30; 
32; 33; 
Recursion step 5:
