Recursion step 0:
Partitions:
0; 1; 
2; 13; 
3; 24; 
4; 5; 
6; 7; 
8; 10; 9; 
11; 12; 
14; 15; 
16; 18; 17; 
19; 20; 
21; 62; 22; 
23; 64; 
25; 26; 
27; 28; 
29; 30; 
31; 118; 
32; 33; 
34; 35; 
36; 38; 
37; 80; 
39; 40; 
41; 81; 
42; 82; 43; 
44; 45; 
46; 48; 
47; 83; 
49; 50; 
51; 52; 
53; 86; 
54; 56; 
55; 57; 
58; 59; 
60; 61; 
63; 66; 
65; 67; 
68; 69; 
70; 71; 
72; 73; 74; 
75; 76; 
77; 78; 
79; 95; 
84; 98; 
85; 99; 
87; 102; 
88; 103; 
89; 104; 
90; 91; 105; 
92; 106; 
93; 107; 
94; 108; 
96; 97; 
100; 101; 
109; 110; 
111; 171; 167; 
112; 159; 
113; 158; 
114; 157; 
115; 155; 
116; 164; 
117; 174; 150; 
119; 133; 
120; 139; 
121; 122; 
123; 125; 124; 
126; 127; 
128; 129; 130; 
131; 132; 
134; 140; 
135; 136; 137; 
138; 141; 
142; 143; 
144; 145; 
146; 147; 
148; 149; 
151; 152; 
153; 154; 
156; 166; 
160; 165; 
161; 168; 
162; 163; 
169; 170; 
172; 173; 
Recursion step 1:
Partitions:
0; 1; 
2; 11; 
3; 4; 
5; 6; 
7; 8; 
9; 10; 
12; 13; 
14; 15; 
16; 17; 
18; 20; 
19; 50; 
21; 22; 
23; 24; 25; 
26; 28; 27; 
29; 30; 
31; 32; 
33; 34; 
35; 36; 
37; 38; 
39; 40; 
41; 72; 
42; 51; 
43; 44; 
45; 46; 
47; 52; 
48; 49; 
53; 81; 
54; 80; 55; 
56; 78; 
57; 76; 
58; 77; 75; 
59; 73; 
60; 62; 
61; 66; 
63; 65; 64; 
67; 69; 68; 
70; 71; 
74; 79; 
Recursion step 2:
Partitions:
0; 4; 
1; 5; 
2; 3; 
6; 7; 
8; 9; 
10; 19; 
11; 12; 
13; 14; 
15; 16; 
17; 18; 
20; 21; 
22; 23; 
24; 25; 
26; 35; 
27; 28; 
29; 30; 
31; 37; 
32; 34; 
33; 36; 
Recursion step 3:
Partitions:
0; 2; 
1; 3; 
4; 6; 5; 
7; 8; 
9; 12; 
10; 11; 
13; 18; 
14; 15; 
16; 17; 
Recursion step 4:
Partitions:
0; 2; 
1; 3; 
4; 8; 5; 
6; 7; 
Recursion step 5:
Partitions:
0; 1; 
2; 3; 
Recursion step 6:
