Recursion step 0:
Partitions:
0; 8; 
1; 362; 
2; 373; 
3; 4; 
5; 6; 
7; 385; 
9; 24; 
10; 28; 
11; 454; 469; 
12; 443; 453; 36; 471; 
13; 40; 
14; 41; 15; 
16; 45; 44; 
17; 49; 46; 
18; 50; 51; 
19; 474; 
20; 135; 
21; 23; 22; 
25; 533; 
26; 520; 
27; 507; 
29; 528; 
30; 523; 
31; 508; 
32; 447; 
33; 526; 
34; 519; 
35; 505; 
37; 530; 
38; 517; 
39; 506; 
42; 43; 
47; 48; 
52; 53; 
54; 55; 60; 65; 59; 
56; 57; 
58; 63; 
61; 66; 
62; 67; 
64; 69; 74; 
68; 73; 78; 
70; 75; 
71; 76; 
72; 77; 
79; 83; 90; 84; 80; 
81; 86; 82; 
85; 89; 
87; 92; 
88; 91; 
93; 97; 
94; 98; 
95; 96; 
99; 161; 163; 165; 107; 103; 
100; 104; 
101; 105; 102; 
106; 110; 
108; 112; 
109; 113; 
111; 193; 
114; 117; 
115; 194; 
116; 118; 
119; 190; 
120; 123; 
121; 124; 
122; 192; 
125; 195; 
126; 191; 
127; 130; 133; 132; 129; 
128; 189; 
131; 188; 
134; 200; 
136; 138; 
137; 139; 143; 141; 
140; 142; 
144; 145; 
146; 341; 
147; 339; 
148; 149; 
150; 333; 151; 308; 
152; 304; 
153; 157; 
154; 156; 
155; 158; 159; 
160; 164; 162; 
166; 167; 
168; 169; 
170; 275; 
171; 174; 173; 172; 
175; 176; 
177; 178; 
179; 180; 
181; 182; 184; 
183; 186; 
185; 187; 
196; 197; 
198; 199; 
201; 226; 240; 
202; 222; 
203; 219; 229; 
204; 218; 
205; 225; 
206; 217; 
207; 216; 
208; 223; 231; 
209; 241; 215; 
210; 224; 
211; 221; 233; 
212; 228; 
213; 227; 
214; 220; 
230; 249; 256; 
232; 254; 248; 
234; 247; 
235; 253; 255; 
236; 258; 251; 
237; 259; 242; 
238; 244; 263; 
239; 252; 261; 
243; 262; 
245; 264; 
246; 257; 
250; 260; 
265; 267; 274; 276; 266; 
268; 282; 
269; 285; 
270; 277; 
271; 278; 
272; 281; 
273; 280; 
279; 319; 
283; 315; 336; 
284; 329; 307; 
286; 311; 
287; 310; 338; 
288; 337; 317; 
289; 335; 314; 
290; 334; 321; 
291; 340; 309; 
292; 298; 
293; 294; 295; 351; 352; 
296; 297; 
299; 300; 
301; 323; 
302; 305; 348; 350; 349; 
303; 306; 
312; 330; 
313; 331; 
316; 327; 
318; 332; 
320; 328; 
322; 326; 
324; 325; 
342; 343; 
344; 345; 
346; 347; 
353; 354; 
355; 356; 
357; 358; 
359; 399; 
360; 380; 378; 
361; 392; 
363; 374; 
364; 372; 
365; 369; 366; 
367; 370; 
368; 376; 
371; 375; 
377; 389; 
379; 381; 
382; 383; 
384; 401; 404; 
386; 387; 
388; 395; 
390; 391; 
393; 394; 
396; 400; 
397; 398; 
402; 403; 
405; 406; 
407; 408; 
409; 437; 
410; 430; 
411; 429; 
412; 449; 440; 
413; 434; 
414; 435; 
415; 433; 
416; 420; 432; 446; 444; 438; 
417; 436; 
418; 431; 
419; 427; 
421; 439; 
422; 428; 
423; 424; 
425; 426; 
441; 450; 460; 
442; 452; 
445; 457; 470; 
448; 458; 
451; 466; 
455; 472; 
456; 473; 
459; 464; 
461; 463; 
462; 467; 
465; 468; 
475; 503; 
476; 492; 
477; 493; 
478; 491; 511; 
479; 495; 
480; 498; 
481; 497; 510; 
482; 500; 
483; 496; 
484; 504; 
485; 490; 
486; 502; 
487; 494; 
488; 499; 
489; 501; 
509; 521; 529; 
512; 525; 522; 
513; 532; 516; 
514; 515; 527; 
518; 531; 
524; 534; 
Recursion step 1:
Partitions:
0; 16; 
1; 166; 162; 
2; 163; 
3; 167; 
4; 91; 
5; 15; 
6; 187; 
7; 206; 
8; 24; 198; 
9; 10; 
11; 12; 
13; 32; 
14; 33; 
17; 208; 
18; 19; 
20; 215; 
21; 22; 
23; 207; 
25; 26; 
27; 221; 
28; 29; 
30; 219; 
31; 94; 
34; 39; 
35; 37; 
36; 38; 
40; 43; 
41; 42; 
44; 45; 
46; 50; 49; 
47; 81; 
48; 51; 
52; 53; 
54; 55; 
56; 61; 
57; 59; 
58; 60; 
62; 95; 
63; 64; 
65; 67; 
66; 96; 69; 
68; 70; 
71; 123; 
72; 74; 
73; 78; 
75; 88; 
76; 130; 
77; 131; 133; 
79; 126; 132; 
80; 155; 
82; 83; 84; 
85; 86; 
87; 157; 
89; 90; 
92; 93; 
97; 121; 
98; 118; 
99; 122; 
100; 102; 115; 
101; 104; 114; 
103; 112; 
105; 119; 
106; 116; 
107; 120; 
108; 113; 
109; 117; 
110; 111; 
124; 136; 147; 
125; 146; 
127; 150; 
128; 149; 
129; 148; 
134; 135; 
137; 138; 
139; 156; 140; 
141; 152; 
142; 143; 
144; 145; 
151; 154; 153; 
158; 159; 
160; 168; 
161; 180; 174; 
164; 165; 
169; 173; 
170; 178; 
171; 172; 
175; 179; 
176; 194; 
177; 195; 
181; 193; 
182; 189; 
183; 186; 
184; 200; 203; 
185; 188; 
190; 192; 
191; 196; 
197; 205; 
199; 204; 
201; 202; 
209; 211; 
210; 213; 218; 222; 227; 226; 224; 225; 217; 220; 
212; 214; 
216; 223; 
Recursion step 2:
Partitions:
0; 100; 
1; 90; 
2; 3; 
4; 54; 
5; 42; 
6; 7; 
8; 89; 
9; 91; 
10; 22; 
11; 12; 
13; 14; 15; 
16; 17; 
18; 19; 
20; 21; 
23; 27; 
24; 25; 26; 
28; 30; 
29; 31; 
32; 34; 36; 
33; 35; 
37; 40; 39; 
38; 41; 
43; 45; 44; 
46; 73; 72; 
47; 67; 68; 
48; 70; 
49; 77; 
50; 51; 53; 
52; 74; 
55; 64; 
56; 59; 
57; 66; 
58; 60; 
61; 63; 
62; 65; 
69; 71; 
75; 76; 78; 
79; 88; 87; 
80; 83; 
81; 86; 
82; 95; 98; 96; 93; 
84; 85; 
92; 99; 
94; 97; 
101; 102; 
Recursion step 3:
Partitions:
0; 40; 
1; 43; 
2; 7; 
3; 9; 8; 
4; 21; 20; 
5; 6; 
10; 11; 
12; 13; 
14; 15; 
16; 17; 
18; 19; 
22; 23; 
24; 31; 30; 
25; 35; 
26; 36; 
27; 28; 
29; 34; 
32; 33; 
37; 39; 
38; 41; 
42; 44; 
Recursion step 4:
Partitions:
0; 16; 
1; 20; 
2; 5; 
3; 19; 
4; 10; 18; 
6; 7; 
8; 9; 
11; 12; 
13; 17; 
14; 15; 
Recursion step 5:
Partitions:
0; 7; 
1; 2; 
3; 6; 
4; 9; 
5; 8; 
Recursion step 6:
Partitions:
0; 4; 1; 
2; 3; 
Recursion step 7:
