Recursion step 0:
Partitions:
0; 35; 
1; 6; 
2; 31; 
3; 17; 
4; 52; 
5; 41; 40; 
7; 27; 
8; 39; 60; 
9; 49; 
10; 47; 66; 
11; 32; 
12; 28; 
13; 19; 29; 
14; 23; 56; 
15; 46; 
16; 42; 
18; 25; 
20; 33; 
21; 58; 
22; 37; 
24; 38; 44; 
26; 45; 
30; 68; 
34; 69; 
36; 57; 
43; 67; 
48; 54; 
50; 55; 
51; 59; 
53; 61; 
62; 65; 
63; 64; 
Recursion step 1:
Partitions:
0; 19; 
1; 13; 
2; 6; 
3; 5; 
4; 8; 
7; 21; 20; 
9; 29; 
10; 28; 
11; 23; 22; 
12; 25; 
14; 24; 
15; 17; 
16; 26; 
18; 30; 
27; 31; 
Recursion step 2:
