39448108662
38567645499
38639642821
38255854739
39043468644
38911925110
38816868773
38810158479
38491860825
38791471235
38943644244
39131673021
38321180840
38798143492
38963671299
38883643060
38823653879
38339693870
38915646135
38883651605
39163858946
38423461439
38843651431
38575668746
39039644297
39403674118
38531242169
39120084374
38595631926
38759668222
38639646679
38999693120
39227674565
38699674944
38979606352
38793487836
38731392934
38294103795
38875718021
38875601149
38559655609
38883678645
38983645192
38949214803
38434138727
38903634028
38739662595
38563662741
39127658658
38579634888
38851691826
38403659874
39255653460
38947656426
38619616304
38829156766
38769426057
39172410506
39087652153
38815657382
39206238344
39069329389
38435460854
38763600902
