Recursion step 0:
Partitions:
0; 1; 
2; 3; 
4; 5; 
6; 7; 8; 9; 10; 11; 12; 135; 136; 137; 138; 139; 38; 37; 36; 35; 34; 33; 32; 155; 30; 31; 134; 133; 132; 131; 130; 
13; 14; 
15; 16; 
17; 18; 
19; 20; 
21; 22; 
23; 24; 
25; 129; 
26; 27; 
28; 29; 
39; 40; 
41; 42; 
43; 144; 
44; 45; 46; 47; 48; 170; 171; 172; 173; 174; 74; 195; 196; 197; 198; 199; 99; 98; 97; 96; 95; 94; 93; 215; 216; 217; 218; 219; 118; 117; 116; 115; 114; 113; 112; 214; 213; 212; 211; 210; 88; 89; 90; 91; 92; 194; 193; 192; 191; 190; 69; 68; 67; 169; 168; 167; 166; 165; 
49; 149; 
50; 154; 51; 
52; 53; 
54; 55; 
56; 180; 
57; 58; 
59; 60; 
61; 164; 
62; 185; 
63; 64; 
65; 66; 
70; 71; 
72; 73; 
75; 179; 
76; 77; 
78; 79; 
80; 81; 
82; 83; 
84; 85; 
86; 87; 
100; 101; 204; 
102; 103; 
104; 105; 
106; 209; 107; 
108; 109; 
110; 111; 
119; 120; 
121; 122; 
123; 124; 224; 
125; 126; 
127; 128; 
140; 141; 
142; 143; 
145; 146; 
147; 148; 
150; 151; 
152; 153; 
156; 157; 
158; 159; 
160; 161; 
162; 163; 
175; 176; 
177; 178; 
181; 182; 
183; 184; 
186; 187; 
188; 189; 
200; 201; 
202; 203; 
205; 206; 
207; 208; 
220; 221; 
222; 223; 
Recursion step 1:
Partitions:
0; 1; 2; 3; 12; 11; 10; 47; 46; 
4; 5; 
6; 48; 
7; 8; 
9; 50; 
13; 14; 
15; 49; 
16; 68; 
17; 51; 
18; 58; 
19; 20; 
21; 22; 23; 24; 25; 62; 63; 36; 35; 34; 33; 61; 60; 
26; 27; 
28; 29; 
30; 59; 
31; 32; 
37; 38; 
39; 40; 
41; 42; 
43; 44; 
45; 69; 
52; 53; 
54; 55; 
56; 57; 
64; 65; 
66; 67; 
Recursion step 2:
Partitions:
0; 1; 
2; 3; 
4; 8; 
5; 6; 
7; 13; 
9; 21; 
10; 22; 
11; 25; 
12; 23; 
14; 15; 
16; 24; 
17; 18; 
19; 20; 
Recursion step 3:
