38758127331
38743481354
38891668543
38655641358
38675659682
38403683780
38759670230
38512978194
38438319494
38168572870
38623627012
38754765798
38755647468
38375727443
38651632193
38631636343
38447661841
38771662325
38884970629
38658330795
38887702890
38431647941
38299662709
38723693606
38535649908
39079636364
38947642378
38607648172
38659684023
38667669087
38599643194
38731681391
39075650140
38515649165
38795663023
38991677510
38815652061
38679694827
38907638864
39011659413
38467665402
38315636576
38371704467
38107599338
38935657694
38903660952
38372564576
38870749991
38707652024
38567677499
38927662526
38783662916
38783652331
38615665021
39099721670
39119603405
38759646534
38551676313
38579729680
38588503107
38530758993
38611659278
38827651760
39035658707
