38663510537
38539690052
39043688175
38699578007
38711693443
38923629877
38919660002
38331707016
38579634590
38899684962
38447635781
39215645143
39099647284
38923679102
38987650981
38848974921
39074362505
38871714435
39147605675
38603682771
38659638338
38479692362
38879617681
38643700050
38659671667
38995645917
38739656250
38471628740
38763739621
38663605197
38751635396
38823669273
38355692473
38943659419
38955638142
38543814653
39075487916
38855694866
38683671160
38851649693
38795672048
38471634562
38915678211
38379658412
38747676777
38951635082
38843691578
38591636834
39075662145
38723645007
38883663432
38619706126
38563614141
38831716978
38719596813
38419692811
38759657378
38775667939
38711646199
38547695994
38539640603
38987647186
38615659248
38579645698
