38457037777
38486116495
38679681517
38519637344
38411675273
38683637484
38847668761
38617175055
38867777250
38730011781
38435698425
38527636461
38475659681
39175650750
38511637286
38427642132
38931649296
38779655914
38623654327
38967679464
38759654038
38887660710
38755659054
38671658000
38499659418
38823661442
38907713217
38827822031
38563431292
38771647940
39375659366
38915660888
38487718091
39191618388
38845986907
38417373419
38929179668
38818160475
39319601933
38319662103
38727794678
38553074824
39062105814
38613160047
38494172095
38787641341
38787678918
39035646698
38979648814
38719682377
38795663319
38771637739
38631701087
38035629860
38647659586
38941172207
38742163775
38915653896
38507663411
38923708705
38775605697
38475684853
38867628150
38625190158
