38411481736
38807688962
38707694007
38735621821
38944537965
38958774599
38639665905
38560518460
39007655293
38414826798
38743645900
38507647675
38503685515
38447657733
38979654259
38727634428
38499702749
38427623351
38743667431
38679684474
38671634309
38595684137
38595635388
39123592797
38467648577
38387706410
38631639109
39059640852
38863606288
38747727271
38839608713
38891635295
38447674137
38531647443
38871708289
38631950298
38452240437
38990837984
38655522101
38767696224
38655619826
38591656640
38467694511
38707633425
38959656604
38447649535
38655679443
39031709638
38599620214
38379651761
38595663966
38751687311
38783621410
38947675593
38420527266
39074826651
38943602933
38627649359
38887681655
38635653512
38515706802
38871596976
38463675739
38392580819
