38975573410
38939599945
38679679802
38803629844
38835767050
39135567258
38556490884
38630837760
38683679567
38815649684
38603665142
38663669477
38779645816
39247694248
38663614131
38871683324
39143810485
38743475786
38607665424
38527661066
38727674926
38663670203
38947784345
38815507092
38883692600
38815674907
38335644324
38836490771
38794794953
38979968086
38915296125
39311726143
38683612384
38671671690
38800574531
38818744217
38911644705
39051688770
38587651228
38759695826
38675621593
38791678858
38559656057
38751640201
38959676162
38839640629
38775668129
38787652591
38523717798
38483607766
38879653913
38927671182
38507649678
38731679404
38143655569
38819664861
38671643397
38559674349
38511674098
38503692432
38475617150
38780594334
38498733535
38435651042
