Recursion step 0:
Partitions:
0; 199; 
1; 46; 
2; 197; 
3; 196; 
4; 5; 
6; 7; 
8; 9; 
10; 11; 
12; 22; 
13; 14; 
15; 16; 
17; 18; 
19; 202; 
20; 21; 
23; 207; 
24; 25; 
26; 187; 
27; 203; 
28; 29; 
30; 31; 
32; 33; 34; 
35; 36; 
37; 38; 
39; 40; 
41; 42; 
43; 45; 
44; 47; 
48; 206; 
49; 51; 
50; 56; 
52; 53; 
54; 55; 
57; 58; 
59; 60; 
61; 62; 
63; 111; 
64; 66; 65; 
67; 68; 
69; 70; 
71; 72; 
73; 74; 75; 
76; 77; 78; 
79; 220; 80; 
81; 82; 
83; 209; 
84; 85; 
86; 89; 
87; 88; 
90; 91; 
92; 93; 
94; 208; 
95; 96; 
97; 98; 99; 
100; 101; 
102; 103; 219; 
104; 105; 
106; 108; 107; 
109; 110; 
112; 113; 114; 
115; 222; 
116; 186; 
117; 118; 185; 
119; 174; 
120; 121; 
122; 123; 
124; 125; 
126; 127; 
128; 131; 
129; 221; 
130; 210; 
132; 190; 
133; 214; 
134; 182; 
135; 136; 
137; 138; 139; 
140; 141; 
142; 200; 
143; 144; 
145; 146; 
147; 152; 
148; 151; 
149; 150; 
153; 154; 
155; 156; 
157; 212; 
158; 160; 159; 
161; 162; 
163; 164; 
165; 166; 
167; 168; 
169; 170; 
171; 172; 
173; 179; 
175; 178; 
176; 177; 
180; 181; 
183; 184; 
188; 204; 
189; 224; 
191; 195; 
192; 217; 
193; 194; 
198; 223; 
201; 205; 
211; 213; 
215; 218; 216; 
Recursion step 1:
Partitions:
0; 2; 
1; 32; 
3; 4; 
5; 24; 
6; 23; 
7; 21; 22; 
8; 14; 
9; 10; 13; 
11; 12; 
15; 20; 
16; 60; 
17; 18; 
19; 103; 
25; 101; 
26; 99; 100; 
27; 29; 
28; 30; 31; 
33; 34; 
35; 57; 
36; 37; 
38; 39; 
40; 52; 51; 41; 105; 
42; 50; 
43; 44; 45; 
46; 47; 
48; 49; 
53; 54; 
55; 56; 
58; 59; 
61; 96; 
62; 63; 
64; 89; 
65; 104; 
66; 88; 
67; 68; 69; 
70; 102; 
71; 87; 84; 
72; 73; 
74; 75; 
76; 77; 
78; 79; 
80; 81; 
82; 83; 
85; 86; 
90; 91; 
92; 95; 
93; 94; 
97; 98; 
Recursion step 2:
Partitions:
0; 2; 
1; 10; 
3; 4; 
5; 6; 
7; 8; 
9; 11; 
12; 21; 
13; 14; 
15; 16; 
17; 18; 28; 
19; 27; 
20; 26; 
22; 25; 
23; 34; 24; 
29; 30; 
31; 44; 
32; 33; 
35; 47; 
36; 37; 
38; 43; 
39; 42; 
40; 41; 
45; 46; 
Recursion step 3:
Partitions:
0; 2; 
1; 8; 
3; 4; 
5; 6; 
7; 17; 
9; 14; 
10; 11; 
12; 13; 
15; 22; 
16; 18; 19; 20; 21; 
Recursion step 4:
Partitions:
0; 4; 
1; 5; 
2; 3; 
6; 7; 
8; 9; 
Recursion step 5:
Partitions:
0; 2; 
1; 3; 4; 
Recursion step 6:
