Recursion step 0:
Partitions:
0; 1059; 
1; 2; 
3; 4; 
5; 6; 
7; 8; 
9; 10; 
11; 29; 30; 
12; 13; 
14; 15; 
16; 19; 
17; 18; 
20; 21; 
22; 25; 
23; 24; 
26; 31; 
27; 28; 
32; 33; 
34; 35; 
36; 1038; 
37; 38; 
39; 40; 41; 
42; 43; 
44; 45; 
46; 47; 
48; 49; 
50; 51; 
52; 53; 
54; 58; 57; 
55; 56; 
59; 60; 
61; 62; 63; 
64; 65; 
66; 67; 
68; 69; 
70; 71; 
72; 73; 
74; 75; 
76; 80; 
77; 81; 
78; 79; 
82; 87; 
83; 99; 84; 
85; 86; 
88; 91; 
89; 90; 
92; 93; 
94; 891; 
95; 96; 
97; 98; 
100; 101; 
102; 107; 103; 
104; 106; 105; 
108; 110; 109; 
111; 887; 
112; 114; 
113; 131; 
115; 116; 
117; 118; 
119; 120; 
121; 122; 
123; 128; 127; 
124; 125; 
126; 136; 
129; 130; 
132; 135; 
133; 134; 
137; 138; 139; 
140; 143; 
141; 142; 
144; 145; 
146; 147; 
148; 149; 
150; 151; 
152; 153; 
154; 155; 
156; 157; 
158; 159; 
160; 161; 
162; 163; 
164; 165; 
166; 167; 
168; 171; 
169; 170; 
172; 173; 
174; 175; 
176; 177; 
178; 179; 
180; 181; 
182; 183; 
184; 185; 
186; 187; 
188; 189; 
190; 191; 192; 
193; 194; 
195; 196; 
197; 198; 
199; 258; 
200; 202; 201; 
203; 204; 
205; 209; 
206; 207; 
208; 216; 
210; 212; 211; 
213; 214; 215; 
217; 218; 
219; 858; 
220; 222; 221; 
223; 232; 
224; 225; 226; 
227; 228; 
229; 230; 
231; 233; 
234; 235; 
236; 237; 
238; 239; 
240; 241; 
242; 839; 
243; 245; 244; 
246; 247; 
248; 251; 
249; 250; 
252; 254; 
253; 255; 
256; 257; 
259; 260; 
261; 262; 
263; 266; 265; 264; 
267; 268; 
269; 270; 
271; 272; 
273; 274; 
275; 276; 
277; 279; 278; 
280; 373; 281; 
282; 283; 
284; 285; 
286; 288; 287; 
289; 290; 
291; 292; 
293; 294; 
295; 296; 
297; 298; 299; 
300; 302; 
301; 319; 
303; 308; 
304; 318; 
305; 317; 
306; 315; 
307; 314; 
309; 311; 310; 
312; 313; 
316; 815; 
320; 326; 325; 
321; 322; 
323; 324; 
327; 338; 
328; 329; 
330; 332; 334; 
331; 333; 
335; 336; 337; 
339; 340; 
341; 342; 
343; 344; 
345; 347; 346; 
348; 354; 
349; 350; 
351; 352; 353; 
355; 356; 
357; 362; 
358; 359; 
360; 361; 
363; 364; 
365; 366; 
367; 368; 
369; 370; 
371; 372; 
374; 375; 
376; 377; 
378; 379; 
380; 381; 
382; 383; 
384; 386; 385; 
387; 405; 
388; 389; 
390; 391; 
392; 393; 394; 
395; 396; 
397; 398; 
399; 402; 
400; 401; 
403; 404; 
406; 407; 
408; 409; 
410; 412; 419; 420; 411; 
413; 414; 
415; 418; 
416; 417; 
421; 422; 
423; 424; 
425; 426; 
427; 428; 
429; 430; 431; 
432; 434; 
433; 435; 
436; 437; 
438; 439; 
440; 441; 
442; 443; 
444; 445; 
446; 447; 
448; 449; 
450; 451; 
452; 453; 454; 
455; 456; 
457; 458; 
459; 460; 
461; 463; 462; 
464; 466; 
465; 469; 
467; 468; 
470; 471; 
472; 473; 
474; 475; 
476; 477; 
478; 525; 
479; 480; 
481; 482; 
483; 484; 
485; 486; 487; 
488; 489; 
490; 491; 
492; 494; 493; 
495; 496; 
497; 501; 
498; 506; 
499; 500; 
502; 503; 517; 
504; 513; 
505; 511; 512; 
507; 508; 
509; 510; 
514; 516; 515; 
518; 519; 
520; 522; 521; 
523; 524; 
526; 527; 530; 
528; 529; 
531; 532; 
533; 534; 
535; 536; 
537; 748; 
538; 541; 
539; 540; 
542; 543; 
544; 545; 
546; 548; 547; 
549; 550; 
551; 552; 
553; 554; 
555; 556; 
557; 558; 559; 
560; 561; 
562; 564; 563; 
565; 566; 
567; 571; 
568; 570; 569; 
572; 573; 
574; 575; 
576; 578; 
577; 735; 
579; 580; 
581; 697; 
582; 583; 
584; 585; 
586; 587; 588; 
589; 590; 
591; 592; 
593; 595; 594; 
596; 597; 
598; 599; 
600; 601; 
602; 605; 
603; 604; 
606; 608; 607; 
609; 610; 
611; 612; 
613; 616; 
614; 615; 
617; 623; 
618; 619; 620; 
621; 625; 627; 631; 628; 626; 624; 622; 
629; 630; 
632; 633; 
634; 668; 
635; 636; 
637; 638; 
639; 644; 645; 
640; 641; 643; 
642; 661; 
646; 647; 
648; 652; 651; 653; 658; 654; 655; 656; 657; 662; 659; 660; 
649; 650; 
663; 666; 
664; 665; 
667; 669; 
670; 682; 
671; 672; 
673; 674; 
675; 676; 
677; 678; 
679; 681; 680; 
683; 684; 
685; 687; 686; 
688; 689; 
690; 691; 
692; 694; 693; 
695; 696; 
698; 700; 699; 
701; 702; 
703; 704; 
705; 706; 707; 
708; 719; 
709; 710; 
711; 712; 
713; 714; 
715; 716; 
717; 718; 
720; 721; 
722; 723; 
724; 725; 
726; 727; 728; 
729; 730; 
731; 732; 
733; 734; 
736; 737; 
738; 739; 
740; 743; 
741; 742; 
744; 745; 
746; 747; 
749; 751; 750; 
752; 755; 
753; 754; 
756; 757; 
758; 759; 
760; 761; 
762; 763; 
764; 765; 
766; 767; 
768; 769; 
770; 775; 
771; 772; 
773; 774; 
776; 777; 
778; 779; 
780; 783; 
781; 782; 
784; 785; 
786; 787; 
788; 789; 
790; 791; 
792; 793; 
794; 795; 
796; 797; 
798; 799; 
800; 801; 
802; 804; 803; 
805; 806; 
807; 808; 
809; 810; 
811; 812; 
813; 814; 816; 
817; 820; 
818; 819; 
821; 834; 
822; 823; 
824; 825; 
826; 831; 
827; 828; 
829; 830; 
832; 833; 
835; 836; 
837; 938; 
838; 840; 
841; 843; 842; 
844; 845; 
846; 851; 
847; 848; 
849; 850; 
852; 853; 
854; 855; 
856; 857; 859; 
860; 861; 
862; 863; 
864; 865; 
866; 867; 
868; 869; 873; 872; 879; 871; 870; 
874; 875; 876; 
877; 878; 
880; 881; 
882; 888; 
883; 885; 
884; 886; 
889; 890; 
892; 893; 
894; 900; 
895; 896; 
897; 898; 
899; 901; 
902; 903; 
904; 905; 
906; 907; 
908; 909; 910; 
911; 912; 
913; 914; 
915; 916; 
917; 923; 
918; 920; 
919; 922; 921; 
924; 926; 925; 
927; 952; 
928; 929; 930; 
931; 932; 933; 
934; 935; 
936; 937; 
939; 940; 
941; 943; 
942; 944; 
945; 946; 
947; 965; 
948; 949; 963; 
950; 951; 953; 
954; 955; 
956; 959; 
957; 958; 
960; 961; 
962; 964; 
966; 967; 968; 
969; 971; 
970; 972; 
973; 981; 
974; 975; 
976; 978; 977; 
979; 983; 
980; 982; 
984; 986; 987; 988; 989; 985; 
990; 991; 
992; 1013; 
993; 994; 
995; 996; 
997; 1003; 1004; 1002; 1007; 1009; 1010; 1008; 1011; 1000; 999; 1001; 998; 
1005; 1006; 
1012; 1014; 
1015; 1016; 
1017; 1019; 
1018; 1027; 
1020; 1026; 
1021; 1025; 
1022; 1023; 1024; 
1028; 1029; 
1030; 1032; 1031; 
1033; 1034; 
1035; 1036; 1037; 
1039; 1040; 
1041; 1043; 
1042; 1049; 
1044; 1045; 1046; 
1047; 1048; 
1050; 1051; 
1052; 1053; 
1054; 1056; 1055; 
1057; 1058; 
Recursion step 1:
Partitions:
0; 2; 1; 
3; 4; 
5; 6; 
7; 9; 10; 
8; 51; 
11; 12; 
13; 17; 16; 
14; 15; 
18; 463; 
19; 20; 
21; 25; 
22; 24; 
23; 40; 
26; 34; 
27; 28; 
29; 30; 
31; 459; 
32; 33; 
35; 36; 
37; 39; 38; 
41; 42; 
43; 44; 
45; 48; 
46; 47; 
49; 50; 
52; 54; 
53; 400; 
55; 58; 
56; 57; 
59; 60; 
61; 62; 
63; 64; 65; 
66; 67; 
68; 69; 
70; 71; 
72; 73; 
74; 75; 
76; 79; 77; 
78; 80; 
81; 82; 
83; 84; 85; 
86; 87; 
88; 89; 
90; 92; 91; 
93; 95; 
94; 126; 
96; 124; 
97; 98; 
99; 102; 
100; 101; 
103; 395; 
104; 394; 
105; 106; 
107; 111; 
108; 389; 
109; 110; 
112; 113; 
114; 117; 
115; 116; 
118; 150; 
119; 120; 
121; 122; 
123; 125; 
127; 132; 
128; 129; 
130; 131; 183; 
133; 134; 
135; 136; 
137; 138; 
139; 142; 
140; 141; 
143; 145; 
144; 149; 
146; 151; 
147; 148; 
152; 153; 
154; 158; 
155; 156; 
157; 159; 
160; 161; 
162; 163; 
164; 167; 
165; 166; 
168; 170; 169; 
171; 172; 
173; 229; 
174; 176; 175; 
177; 178; 
179; 182; 
180; 181; 
184; 185; 
186; 190; 187; 
188; 189; 
191; 192; 
193; 197; 
194; 195; 196; 
198; 199; 
200; 201; 
202; 205; 
203; 204; 
206; 207; 
208; 279; 
209; 210; 
211; 278; 
212; 265; 
213; 214; 
215; 216; 
217; 219; 
218; 221; 220; 
222; 223; 
224; 225; 
226; 232; 
227; 228; 
230; 231; 
233; 235; 
234; 239; 
236; 242; 
237; 241; 
238; 240; 
243; 244; 
245; 246; 
247; 248; 
249; 250; 
251; 252; 
253; 255; 
254; 334; 
256; 257; 
258; 259; 
260; 261; 
262; 263; 
264; 266; 
267; 269; 268; 
270; 273; 272; 
271; 316; 
274; 275; 
276; 277; 
280; 284; 
281; 282; 
283; 305; 
285; 286; 287; 
288; 289; 
290; 291; 
292; 294; 
293; 304; 302; 303; 300; 298; 297; 
295; 296; 
299; 301; 
306; 309; 
307; 308; 
310; 311; 
312; 313; 
314; 315; 
317; 328; 
318; 319; 
320; 327; 
321; 322; 
323; 324; 
325; 326; 
329; 330; 
331; 333; 
332; 335; 
336; 337; 
338; 339; 
340; 341; 
342; 343; 
344; 345; 
346; 347; 
348; 349; 
350; 353; 351; 
352; 354; 
355; 356; 
357; 358; 359; 
360; 361; 
362; 363; 
364; 366; 365; 
367; 370; 
368; 369; 
371; 372; 
373; 381; 
374; 375; 
376; 379; 
377; 378; 
380; 382; 
383; 385; 384; 
386; 387; 388; 
390; 391; 
392; 393; 
396; 399; 
397; 398; 
401; 402; 
403; 404; 
405; 408; 
406; 407; 
409; 410; 
411; 412; 413; 
414; 415; 
416; 419; 
417; 418; 
420; 421; 
422; 425; 
423; 424; 
426; 427; 
428; 437; 429; 
430; 436; 
431; 432; 
433; 435; 434; 
438; 439; 441; 
440; 442; 
443; 444; 
445; 446; 448; 
447; 452; 
449; 450; 
451; 458; 
453; 455; 454; 
456; 457; 
460; 461; 462; 
464; 465; 
466; 467; 
468; 469; 
470; 471; 
Recursion step 2:
Partitions:
0; 218; 
1; 29; 
2; 217; 
3; 7; 
4; 24; 
5; 6; 
8; 9; 
10; 11; 
12; 20; 
13; 17; 18; 
14; 214; 
15; 16; 
19; 202; 204; 
21; 22; 
23; 189; 
25; 27; 28; 
26; 188; 
30; 31; 
32; 33; 
34; 35; 
36; 38; 37; 
39; 41; 40; 
42; 43; 
44; 47; 
45; 62; 46; 
48; 49; 
50; 51; 
52; 185; 
53; 56; 
54; 55; 
57; 58; 
59; 72; 
60; 61; 
63; 65; 64; 
66; 67; 
68; 69; 
70; 82; 
71; 75; 
73; 74; 
76; 77; 
78; 79; 
80; 81; 
83; 84; 
85; 113; 112; 
86; 87; 
88; 89; 
90; 91; 
92; 97; 
93; 94; 
95; 96; 
98; 99; 100; 
101; 103; 
102; 105; 
104; 135; 
106; 127; 
107; 108; 
109; 110; 
111; 116; 119; 
114; 117; 
115; 118; 
120; 121; 
122; 123; 
124; 126; 
125; 131; 
128; 129; 
130; 132; 
133; 134; 
136; 137; 
138; 148; 
139; 140; 
141; 142; 
143; 145; 144; 
146; 147; 
149; 150; 152; 
151; 157; 
153; 154; 
155; 156; 
158; 159; 
160; 161; 
162; 163; 
164; 165; 
166; 168; 167; 
169; 171; 170; 
172; 173; 
174; 175; 
176; 178; 
177; 181; 
179; 180; 
182; 183; 
184; 196; 
186; 187; 
190; 191; 
192; 193; 
194; 195; 
197; 203; 
198; 199; 
200; 201; 
205; 206; 
207; 208; 
209; 210; 
211; 213; 212; 
215; 216; 
Recursion step 3:
Partitions:
0; 2; 
1; 17; 
3; 4; 
5; 101; 
6; 10; 
7; 9; 
8; 13; 
11; 100; 99; 
12; 94; 
14; 15; 16; 
18; 19; 
20; 21; 
22; 23; 
24; 32; 
25; 26; 
27; 89; 
28; 30; 
29; 88; 
31; 38; 
33; 44; 
34; 35; 
36; 37; 
39; 41; 
40; 83; 
42; 43; 
45; 46; 
47; 48; 49; 
50; 67; 
51; 52; 
53; 64; 
54; 55; 
56; 57; 
58; 59; 
60; 61; 62; 
63; 65; 
66; 74; 
68; 72; 
69; 70; 
71; 76; 
73; 75; 
77; 78; 
79; 80; 
81; 82; 
84; 85; 
86; 87; 
90; 92; 
91; 93; 
95; 96; 
97; 98; 
Recursion step 4:
Partitions:
0; 1; 
2; 6; 
3; 4; 5; 
7; 48; 
8; 47; 
9; 10; 
11; 14; 12; 13; 16; 17; 15; 46; 45; 
18; 21; 
19; 20; 
22; 23; 
24; 32; 
25; 26; 
27; 28; 
29; 34; 
30; 31; 33; 
35; 40; 
36; 37; 
38; 39; 
41; 42; 
43; 44; 
Recursion step 5:
Partitions:
0; 5; 1; 
2; 3; 
4; 6; 
7; 19; 
8; 11; 
9; 10; 
12; 17; 16; 
13; 15; 
14; 18; 
Recursion step 6:
Partitions:
0; 1; 
2; 3; 
4; 8; 5; 
6; 7; 
Recursion step 7:
Partitions:
0; 1; 
2; 3; 
Recursion step 8:
