Recursion step 0:
Partitions:
0; 4; 
1; 3; 2; 5; 
6; 103; 104; 105; 1428; 1429; 1430; 
7; 102; 
8; 94; 
9; 10; 
11; 17; 16; 15; 13; 12; 
14; 1328; 
18; 19; 
20; 21; 
22; 23; 
24; 32; 
25; 31; 
26; 27; 
28; 29; 
30; 37; 
33; 34; 
35; 70; 71; 48; 46; 49; 61; 59; 54; 52; 51; 50; 41; 1286; 1292; 1301; 1299; 1300; 1307; 1305; 1303; 1302; 1304; 1290; 1291; 40; 39; 42; 38; 36; 
43; 47; 
44; 45; 
53; 1283; 1294; 1285; 1293; 1284; 
55; 56; 
57; 1274; 1276; 1273; 1270; 1266; 1269; 1268; 1267; 1278; 1277; 
58; 60; 
62; 63; 
64; 67; 
65; 1173; 
66; 73; 1167; 74; 72; 68; 
69; 75; 
76; 77; 
78; 80; 
79; 1161; 
81; 1158; 
82; 83; 
84; 85; 
86; 87; 
88; 95; 
89; 247; 
90; 91; 
92; 93; 
96; 97; 
98; 99; 
100; 101; 
106; 109; 
107; 108; 
110; 113; 112; 111; 117; 
114; 115; 
116; 1418; 
118; 121; 
119; 122; 
120; 123; 
124; 125; 128; 129; 1391; 1390; 1392; 1393; 127; 1403; 1404; 1417; 126; 
130; 131; 
132; 134; 
133; 135; 
136; 140; 139; 138; 208; 207; 137; 
141; 142; 143; 
144; 145; 
146; 147; 
148; 149; 
150; 151; 
152; 204; 
153; 201; 
154; 155; 
156; 157; 
158; 159; 
160; 161; 
162; 167; 
163; 166; 
164; 165; 
168; 169; 170; 173; 172; 171; 
174; 175; 177; 195; 176; 
178; 371; 
179; 180; 
181; 182; 
183; 184; 
185; 191; 
186; 187; 272; 268; 
188; 189; 
190; 192; 
193; 194; 
196; 197; 
198; 199; 
200; 230; 
202; 203; 
205; 209; 
206; 210; 
211; 212; 
213; 214; 
215; 216; 
217; 219; 
218; 220; 
221; 222; 
223; 226; 234; 235; 
224; 225; 
227; 231; 
228; 229; 
232; 233; 
236; 238; 259; 258; 257; 254; 250; 251; 249; 241; 245; 240; 239; 237; 
242; 243; 244; 
246; 248; 
252; 253; 
255; 256; 
260; 261; 
262; 263; 
264; 265; 
266; 270; 
267; 269; 
271; 275; 
273; 274; 
276; 278; 280; 281; 279; 277; 
282; 283; 285; 284; 1003; 1006; 
286; 333; 
287; 288; 
289; 290; 291; 
292; 293; 
294; 925; 
295; 298; 
296; 297; 
299; 300; 
301; 309; 
302; 308; 
303; 307; 
304; 306; 
305; 325; 
310; 313; 312; 
311; 911; 
314; 315; 
316; 317; 
318; 416; 413; 414; 415; 
319; 320; 
321; 323; 
322; 346; 
324; 326; 
327; 328; 
329; 330; 
331; 332; 
334; 335; 
336; 337; 
338; 339; 
340; 341; 
342; 343; 
344; 361; 
345; 347; 348; 359; 
349; 351; 
350; 360; 
352; 358; 357; 353; 
354; 356; 
355; 384; 386; 385; 
362; 363; 
364; 365; 
366; 372; 
367; 368; 
369; 370; 
373; 374; 375; 
376; 377; 380; 378; 
379; 381; 
382; 383; 387; 388; 
389; 390; 
391; 392; 
393; 394; 
395; 396; 398; 397; 
399; 402; 
400; 401; 
403; 404; 406; 407; 409; 411; 412; 410; 408; 405; 
417; 418; 
419; 420; 
421; 422; 
423; 424; 
425; 571; 
426; 429; 430; 432; 434; 436; 433; 431; 
427; 428; 
435; 444; 
437; 566; 
438; 442; 443; 445; 446; 451; 453; 450; 449; 448; 457; 455; 456; 481; 482; 483; 486; 487; 488; 558; 557; 556; 559; 560; 
439; 441; 
440; 447; 
452; 454; 
458; 459; 
460; 469; 
461; 470; 471; 
462; 463; 
464; 467; 
465; 466; 
468; 476; 
472; 473; 
474; 478; 477; 475; 
479; 480; 
484; 498; 
485; 493; 
489; 490; 
491; 492; 
494; 496; 522; 497; 
495; 500; 501; 499; 
502; 505; 
503; 504; 
506; 507; 
508; 509; 
510; 517; 513; 516; 515; 514; 512; 511; 
518; 519; 
520; 521; 523; 533; 532; 525; 526; 528; 527; 524; 
529; 530; 
531; 540; 
534; 535; 
536; 537; 
538; 550; 
539; 546; 
541; 544; 
542; 543; 
545; 547; 
548; 549; 
551; 552; 
553; 554; 
555; 563; 
561; 562; 
564; 568; 569; 570; 567; 565; 
572; 573; 
574; 577; 576; 575; 
578; 579; 
580; 581; 582; 584; 583; 
585; 586; 
587; 588; 
589; 590; 
591; 617; 618; 620; 619; 599; 598; 600; 603; 604; 609; 610; 611; 612; 613; 614; 592; 593; 
594; 615; 
595; 596; 
597; 616; 
601; 602; 
605; 608; 
606; 607; 
621; 622; 
623; 624; 
625; 627; 
626; 628; 
629; 630; 
631; 632; 634; 636; 635; 
633; 638; 
637; 641; 640; 639; 
642; 644; 
643; 660; 
645; 647; 
646; 652; 
648; 649; 650; 
651; 659; 661; 658; 662; 655; 
653; 654; 
656; 657; 665; 666; 
663; 664; 
667; 668; 670; 688; 689; 692; 693; 691; 690; 669; 
671; 686; 697; 685; 679; 674; 
672; 673; 
675; 678; 
676; 677; 
680; 682; 
681; 684; 698; 700; 701; 703; 704; 705; 706; 708; 713; 714; 715; 716; 717; 718; 721; 720; 683; 
687; 696; 
694; 695; 
699; 702; 
707; 719; 
709; 712; 
710; 711; 
722; 723; 724; 725; 
726; 727; 
728; 731; 
729; 730; 
732; 740; 742; 743; 822; 821; 819; 818; 815; 814; 813; 751; 752; 750; 748; 746; 747; 738; 739; 737; 734; 735; 733; 736; 
741; 745; 
744; 749; 
753; 758; 760; 759; 763; 754; 756; 757; 
755; 764; 766; 765; 
761; 762; 
767; 770; 772; 771; 768; 769; 
773; 775; 774; 776; 
777; 779; 778; 
780; 789; 
781; 785; 
782; 788; 
783; 787; 
784; 786; 
790; 791; 
792; 793; 796; 
794; 795; 
797; 798; 
799; 800; 802; 803; 
801; 903; 
804; 805; 
806; 807; 
808; 811; 812; 
809; 810; 
816; 817; 
820; 826; 
823; 824; 
825; 833; 
827; 828; 
829; 831; 
830; 834; 
832; 837; 
835; 836; 
838; 839; 840; 
841; 849; 850; 848; 847; 846; 843; 842; 
844; 845; 
851; 852; 
853; 854; 
855; 856; 
857; 860; 
858; 859; 
861; 862; 
863; 864; 
865; 868; 
866; 867; 
869; 870; 
871; 872; 
873; 874; 875; 
876; 879; 
877; 878; 
880; 888; 
881; 885; 
882; 883; 
884; 942; 
886; 887; 
889; 890; 891; 
892; 893; 894; 
895; 896; 
897; 900; 
898; 899; 
901; 902; 
904; 905; 
906; 908; 
907; 913; 910; 912; 909; 
914; 921; 
915; 916; 
917; 918; 
919; 920; 
922; 924; 923; 
926; 927; 
928; 933; 932; 931; 930; 929; 
934; 935; 
936; 937; 
938; 939; 
940; 941; 
943; 944; 
945; 946; 
947; 948; 
949; 950; 
951; 955; 
952; 953; 954; 
956; 957; 958; 
959; 961; 964; 965; 966; 967; 969; 968; 960; 
962; 963; 
970; 971; 972; 1077; 
973; 974; 976; 977; 
975; 1072; 
978; 979; 
980; 982; 
981; 984; 
983; 1047; 
985; 986; 
987; 989; 988; 
990; 1016; 
991; 993; 
992; 994; 
995; 1014; 
996; 1001; 
997; 998; 
999; 1000; 
1002; 1004; 
1005; 1011; 
1007; 1008; 
1009; 1020; 1019; 1022; 1023; 1018; 1013; 1012; 1010; 
1015; 1017; 
1021; 1155; 
1024; 1025; 
1026; 1029; 1028; 1027; 
1030; 1033; 1031; 1034; 1035; 1036; 
1032; 1156; 1152; 1160; 1151; 1150; 
1037; 1043; 1045; 1044; 
1038; 1040; 1041; 1055; 1054; 1052; 1042; 1039; 
1046; 1048; 
1049; 1051; 
1050; 1071; 
1053; 1066; 
1056; 1057; 
1058; 1059; 1062; 1065; 1064; 1063; 1128; 1130; 1132; 1134; 1133; 1131; 1061; 1060; 
1067; 1068; 1070; 1069; 
1073; 1074; 1075; 
1076; 1078; 
1079; 1080; 
1081; 1082; 
1083; 1084; 
1085; 1091; 1093; 1092; 1102; 1089; 1090; 1088; 1087; 1086; 
1094; 1095; 
1096; 1098; 
1097; 1101; 
1099; 1100; 
1103; 1104; 
1105; 1106; 
1107; 1108; 
1109; 1111; 1110; 
1112; 1113; 1116; 1114; 
1115; 1120; 
1117; 1119; 
1118; 1121; 
1122; 1123; 1124; 
1125; 1126; 1129; 1127; 
1135; 1136; 
1137; 1139; 1140; 1138; 
1141; 1144; 
1142; 1169; 1166; 1165; 1164; 1162; 1163; 1148; 1149; 1147; 1146; 1145; 1143; 
1153; 1154; 
1157; 1159; 
1168; 1170; 
1171; 1172; 
1174; 1176; 1175; 
1177; 1187; 
1178; 1179; 
1180; 1184; 1183; 1182; 1272; 1260; 1259; 1257; 1258; 1261; 1263; 1244; 1245; 1242; 1241; 1247; 1246; 1249; 1251; 1255; 1252; 1192; 1193; 1191; 1186; 1185; 
1181; 1275; 
1188; 1189; 
1190; 1194; 
1195; 1196; 
1197; 1198; 
1199; 1203; 1202; 1204; 1201; 1200; 
1205; 1206; 
1207; 1208; 
1209; 1210; 
1211; 1212; 
1213; 1214; 
1215; 1216; 
1217; 1218; 
1219; 1226; 
1220; 1221; 
1222; 1236; 1223; 1224; 
1225; 1228; 
1227; 1229; 
1230; 1231; 
1232; 1233; 
1234; 1235; 
1237; 1239; 
1238; 1240; 
1243; 1256; 
1248; 1250; 
1253; 1254; 
1262; 1265; 
1264; 1271; 
1279; 1282; 
1280; 1281; 
1287; 1321; 1322; 1324; 1288; 1289; 
1295; 1298; 1296; 1297; 
1306; 1309; 
1308; 1320; 
1310; 1319; 
1311; 1325; 
1312; 1326; 
1313; 1316; 
1314; 1332; 
1315; 1331; 
1317; 1318; 
1323; 1327; 
1329; 1330; 
1333; 1337; 
1334; 1340; 1350; 1341; 1348; 1342; 1423; 1422; 1412; 1409; 1408; 1410; 1345; 1366; 1364; 1363; 1346; 1343; 1347; 1349; 1352; 1351; 1335; 1336; 
1338; 1339; 
1344; 1411; 
1353; 1354; 
1355; 1362; 
1356; 1357; 
1358; 1361; 
1359; 1360; 
1365; 1381; 1383; 1380; 1368; 1367; 
1369; 1374; 
1370; 1371; 
1372; 1373; 
1375; 1379; 
1376; 1378; 
1377; 1385; 
1382; 1397; 
1384; 1396; 
1386; 1387; 
1388; 1395; 
1389; 1394; 
1398; 1399; 1401; 1400; 
1402; 1405; 
1406; 1407; 1414; 1413; 1420; 1415; 
1416; 1419; 
1421; 1427; 
1424; 1425; 
1426; 1431; 
Recursion step 1:
Partitions:
0; 485; 
1; 6; 
2; 44; 
3; 42; 
4; 5; 
7; 456; 
8; 9; 
10; 11; 
12; 16; 15; 
13; 14; 
17; 19; 18; 
20; 446; 
21; 22; 
23; 415; 
24; 25; 
26; 411; 
27; 28; 
29; 34; 
30; 31; 
32; 33; 
35; 36; 
37; 100; 
38; 39; 
40; 41; 
43; 46; 
45; 48; 
47; 482; 481; 
49; 50; 
51; 52; 
53; 54; 
55; 56; 
57; 58; 
59; 60; 
61; 84; 62; 
63; 64; 
65; 66; 
67; 70; 
68; 69; 
71; 81; 
72; 73; 
74; 75; 
76; 78; 
77; 107; 
79; 80; 
82; 83; 
85; 86; 
87; 89; 88; 
90; 91; 92; 
93; 94; 96; 95; 97; 
98; 99; 
101; 102; 
103; 104; 
105; 106; 
108; 110; 109; 
111; 364; 
112; 137; 
113; 114; 
115; 116; 
117; 118; 119; 
120; 121; 
122; 123; 
124; 133; 
125; 126; 
127; 128; 
129; 164; 
130; 131; 
132; 143; 
134; 140; 
135; 136; 
138; 139; 
141; 142; 
144; 145; 
146; 147; 
148; 157; 
149; 150; 
151; 154; 
152; 153; 
155; 156; 
158; 159; 
160; 161; 
162; 163; 
165; 166; 
167; 168; 
169; 171; 
170; 172; 
173; 215; 
174; 177; 
175; 176; 
178; 184; 
179; 181; 
180; 185; 
182; 183; 
186; 187; 
188; 192; 193; 
189; 190; 
191; 203; 
194; 195; 
196; 197; 
198; 199; 
200; 201; 
202; 204; 
205; 210; 
206; 209; 
207; 208; 
211; 212; 
213; 214; 
216; 217; 
218; 219; 
220; 221; 
222; 231; 
223; 225; 
224; 226; 
227; 228; 229; 
230; 233; 
232; 234; 
235; 236; 
237; 238; 
239; 243; 
240; 242; 
241; 244; 
245; 246; 
247; 254; 
248; 252; 
249; 269; 
250; 251; 
253; 257; 
255; 256; 
258; 259; 
260; 261; 
262; 263; 
264; 266; 265; 
267; 268; 
270; 271; 
272; 273; 
274; 277; 
275; 276; 
278; 280; 279; 
281; 282; 
283; 325; 324; 
284; 285; 
286; 287; 
288; 289; 
290; 291; 
292; 293; 
294; 296; 
295; 297; 
298; 302; 
299; 304; 
300; 301; 
303; 307; 
305; 306; 
308; 319; 
309; 310; 
311; 344; 
312; 313; 
314; 318; 
315; 316; 
317; 339; 
320; 321; 
322; 323; 
326; 327; 
328; 329; 
330; 331; 
332; 333; 
334; 335; 
336; 337; 
338; 340; 
341; 342; 
343; 345; 
346; 347; 
348; 349; 
350; 383; 
351; 352; 
353; 354; 
355; 356; 
357; 360; 
358; 359; 
361; 362; 363; 
365; 366; 
367; 368; 
369; 407; 
370; 372; 371; 
373; 408; 
374; 376; 
375; 380; 
377; 378; 
379; 382; 
381; 401; 
384; 385; 
386; 387; 
388; 393; 
389; 391; 
390; 392; 
394; 395; 
396; 397; 
398; 399; 
400; 402; 
403; 404; 
405; 406; 
409; 410; 
412; 413; 
414; 440; 
416; 417; 
418; 419; 
420; 421; 
422; 423; 
424; 425; 
426; 427; 
428; 429; 
430; 431; 
432; 433; 
434; 435; 
436; 437; 
438; 439; 
441; 442; 
443; 444; 
445; 450; 449; 447; 448; 
451; 455; 
452; 454; 
453; 458; 
457; 460; 
459; 461; 
462; 463; 
464; 466; 465; 
467; 468; 
469; 470; 
471; 472; 
473; 476; 
474; 475; 
477; 478; 
479; 480; 
483; 484; 
Recursion step 2:
Partitions:
0; 231; 
1; 4; 
2; 24; 
3; 23; 
5; 220; 
6; 7; 
8; 9; 
10; 11; 
12; 215; 
13; 14; 
15; 200; 
16; 17; 
18; 19; 
20; 22; 21; 
25; 27; 
26; 230; 
28; 29; 30; 
31; 35; 
32; 45; 
33; 44; 48; 
34; 38; 
36; 37; 
39; 74; 
40; 70; 
41; 43; 
42; 53; 
46; 47; 
49; 50; 
51; 52; 
54; 178; 
55; 68; 
56; 57; 58; 
59; 60; 
61; 65; 
62; 160; 
63; 81; 
64; 84; 
66; 71; 
67; 69; 
72; 73; 
75; 76; 
77; 78; 
79; 80; 
82; 83; 
85; 105; 
86; 87; 
88; 91; 89; 
90; 92; 
93; 98; 
94; 95; 
96; 97; 
99; 103; 112; 102; 100; 
101; 104; 
106; 107; 
108; 132; 133; 
109; 114; 113; 
110; 111; 
115; 116; 
117; 120; 
118; 119; 
121; 126; 
122; 124; 
123; 131; 
125; 127; 
128; 129; 
130; 141; 
134; 135; 
136; 137; 
138; 159; 
139; 140; 
142; 143; 
144; 145; 
146; 147; 
148; 152; 
149; 150; 
151; 155; 
153; 154; 
156; 157; 
158; 163; 
161; 162; 
164; 165; 
166; 167; 
168; 169; 
170; 171; 
172; 173; 
174; 181; 
175; 179; 
176; 177; 
180; 182; 
183; 184; 
185; 186; 
187; 197; 
188; 189; 
190; 193; 
191; 192; 
194; 204; 
195; 196; 
198; 199; 
201; 214; 
202; 203; 
205; 206; 
207; 208; 
209; 210; 
211; 213; 212; 
216; 217; 
218; 219; 
221; 222; 
223; 224; 
225; 226; 
227; 228; 229; 
Recursion step 3:
Partitions:
0; 2; 
1; 13; 3; 
4; 105; 104; 
5; 6; 
7; 8; 
9; 10; 
11; 12; 
14; 15; 16; 
17; 18; 
19; 26; 
20; 24; 
21; 40; 
22; 23; 
25; 28; 
27; 88; 
29; 86; 
30; 38; 
31; 87; 
32; 33; 
34; 79; 
35; 66; 
36; 37; 
39; 41; 42; 
43; 53; 
44; 52; 51; 49; 45; 
46; 47; 
48; 50; 
54; 67; 
55; 56; 
57; 58; 59; 
60; 63; 
61; 62; 
64; 71; 
65; 70; 
68; 69; 
72; 74; 
73; 76; 
75; 78; 
77; 81; 
80; 85; 89; 90; 84; 
82; 83; 92; 
91; 97; 
93; 94; 
95; 100; 
96; 99; 
98; 103; 
101; 102; 
106; 107; 
108; 109; 
Recursion step 4:
Partitions:
0; 1; 
2; 3; 
4; 5; 
6; 14; 
7; 8; 
9; 10; 13; 
11; 12; 
15; 17; 
16; 18; 
19; 27; 34; 
20; 23; 
21; 22; 
24; 26; 25; 
28; 29; 
30; 31; 
32; 33; 
35; 37; 
36; 38; 
39; 41; 
40; 42; 
43; 46; 
44; 45; 
47; 48; 
Recursion step 5:
Partitions:
0; 1; 
2; 3; 
4; 22; 
5; 6; 
7; 8; 
9; 10; 13; 
11; 12; 
14; 15; 
16; 17; 
18; 19; 
20; 21; 
Recursion step 6:
