Recursion step 0:
Partitions:
0; 158; 
1; 2; 
3; 4; 
5; 152; 
6; 151; 
7; 8; 9; 
10; 12; 11; 
13; 14; 
15; 16; 
17; 18; 
19; 20; 
21; 22; 
23; 24; 
25; 26; 27; 
28; 29; 
30; 31; 
32; 34; 33; 
35; 36; 37; 
38; 39; 
40; 41; 
42; 43; 
44; 45; 
46; 47; 
48; 49; 
50; 51; 
52; 53; 
54; 55; 
56; 57; 58; 
59; 60; 
61; 62; 
63; 64; 
65; 66; 
67; 68; 
69; 72; 71; 70; 
73; 74; 
75; 76; 
77; 78; 
79; 80; 
81; 82; 83; 
84; 85; 
86; 87; 
88; 93; 
89; 90; 
91; 92; 
94; 95; 
96; 97; 
98; 99; 
100; 101; 
102; 103; 104; 
105; 106; 
107; 108; 
109; 110; 
111; 112; 
113; 114; 
115; 116; 117; 
118; 119; 
120; 121; 122; 
123; 129; 128; 
124; 125; 
126; 127; 
130; 131; 
132; 133; 
134; 135; 
136; 137; 
138; 139; 
140; 141; 
142; 144; 143; 
145; 146; 
147; 148; 
149; 150; 
153; 154; 
155; 157; 156; 
Recursion step 1:
Partitions:
0; 58; 71; 2; 1; 
3; 4; 
5; 66; 6; 
7; 8; 
9; 11; 10; 
12; 13; 
14; 15; 
16; 17; 
18; 20; 19; 
21; 22; 
23; 24; 
25; 29; 28; 
26; 27; 
30; 31; 
32; 33; 
34; 35; 
36; 37; 
38; 39; 
40; 44; 
41; 43; 42; 
45; 46; 47; 
48; 49; 
50; 51; 52; 
53; 54; 
55; 56; 
57; 59; 
60; 61; 
62; 63; 
64; 65; 
67; 68; 
69; 70; 
Recursion step 2:
Partitions:
0; 1; 
2; 28; 3; 
4; 5; 6; 
7; 27; 
8; 9; 24; 
10; 15; 
11; 12; 
13; 14; 
16; 17; 
18; 19; 
20; 21; 
22; 23; 
25; 26; 
29; 30; 
Recursion step 3:
