Recursion step 0:
Partitions:
0; 573; 
1; 3; 2; 
4; 5; 
6; 7; 
8; 9; 
10; 11; 
12; 13; 
14; 15; 
16; 17; 
18; 19; 
20; 21; 
22; 23; 
24; 164; 
25; 26; 
27; 28; 29; 
30; 31; 
32; 33; 34; 
35; 36; 
37; 38; 
39; 40; 
41; 42; 
43; 45; 44; 
46; 50; 49; 
47; 48; 
51; 52; 
53; 54; 
55; 79; 
56; 57; 
58; 59; 
60; 61; 
62; 63; 
64; 65; 
66; 67; 
68; 69; 
70; 71; 
72; 73; 
74; 75; 
76; 77; 
78; 81; 80; 
82; 83; 
84; 85; 
86; 87; 
88; 89; 
90; 91; 
92; 93; 
94; 103; 
95; 99; 
96; 97; 
98; 100; 
101; 102; 
104; 105; 
106; 107; 
108; 109; 
110; 111; 
112; 113; 
114; 116; 115; 
117; 122; 
118; 119; 
120; 121; 
123; 131; 
124; 125; 
126; 127; 
128; 129; 
130; 132; 
133; 135; 134; 
136; 137; 138; 
139; 140; 
141; 142; 
143; 144; 145; 
146; 147; 
148; 149; 
150; 151; 
152; 167; 
153; 154; 
155; 159; 
156; 158; 157; 
160; 161; 
162; 163; 
165; 166; 
168; 169; 
170; 171; 
172; 173; 
174; 176; 175; 
177; 178; 
179; 180; 
181; 284; 
182; 183; 
184; 185; 
186; 187; 
188; 189; 
190; 191; 
192; 193; 
194; 195; 
196; 249; 
197; 198; 
199; 200; 
201; 202; 
203; 204; 
205; 206; 
207; 208; 
209; 210; 
211; 214; 
212; 213; 
215; 216; 
217; 218; 
219; 221; 220; 
222; 223; 224; 
225; 240; 226; 
227; 229; 228; 
230; 233; 
231; 232; 
234; 235; 
236; 239; 
237; 238; 
241; 242; 
243; 244; 
245; 246; 
247; 248; 
250; 251; 252; 
253; 463; 
254; 255; 
256; 257; 
258; 260; 259; 
261; 262; 
263; 264; 
265; 266; 267; 
268; 378; 
269; 270; 
271; 272; 
273; 274; 
275; 277; 276; 
278; 279; 
280; 281; 
282; 283; 
285; 286; 
287; 292; 
288; 291; 
289; 290; 
293; 294; 
295; 296; 
297; 298; 
299; 300; 
301; 302; 303; 
304; 305; 
306; 307; 
308; 311; 
309; 310; 
312; 313; 314; 
315; 316; 
317; 318; 319; 
320; 321; 
322; 325; 
323; 324; 
326; 329; 
327; 328; 
330; 331; 
332; 333; 
334; 336; 335; 
337; 339; 
338; 371; 
340; 341; 
342; 343; 
344; 345; 
346; 368; 
347; 348; 
349; 350; 
351; 363; 
352; 354; 353; 
355; 357; 356; 
358; 359; 
360; 361; 362; 
364; 365; 
366; 367; 
369; 370; 
372; 373; 
374; 377; 
375; 376; 
379; 380; 
381; 384; 
382; 383; 
385; 386; 
387; 388; 389; 
390; 391; 
392; 393; 
394; 396; 395; 
397; 398; 
399; 400; 401; 
402; 403; 
404; 410; 409; 
405; 406; 
407; 408; 
411; 412; 
413; 415; 414; 
416; 417; 
418; 419; 
420; 421; 
422; 423; 
424; 426; 425; 
427; 428; 
429; 430; 431; 
432; 433; 
434; 435; 
436; 439; 
437; 438; 
440; 442; 441; 
443; 446; 
444; 445; 
447; 448; 
449; 455; 
450; 454; 453; 
451; 452; 
456; 458; 457; 
459; 462; 
460; 461; 
464; 465; 
466; 467; 468; 
469; 473; 
470; 471; 472; 
474; 475; 
476; 514; 
477; 478; 
479; 480; 
481; 482; 
483; 484; 
485; 486; 
487; 488; 
489; 490; 491; 
492; 493; 
494; 495; 
496; 498; 497; 
499; 500; 
501; 502; 
503; 504; 
505; 506; 
507; 508; 
509; 511; 510; 
512; 513; 
515; 516; 
517; 518; 
519; 521; 520; 
522; 523; 
524; 527; 
525; 526; 
528; 529; 
530; 531; 
532; 533; 534; 
535; 536; 537; 
538; 539; 
540; 541; 542; 
543; 544; 
545; 549; 546; 
547; 548; 
550; 551; 
552; 553; 
554; 555; 
556; 557; 
558; 559; 
560; 562; 561; 
563; 564; 
565; 566; 
567; 568; 569; 
570; 572; 571; 
Recursion step 1:
Partitions:
0; 260; 261; 
1; 258; 259; 
2; 257; 
3; 4; 
5; 6; 
7; 105; 
8; 9; 
10; 104; 
11; 12; 13; 
14; 41; 42; 
15; 16; 
17; 18; 
19; 20; 
21; 25; 
22; 23; 24; 
26; 27; 
28; 37; 36; 
29; 30; 
31; 32; 
33; 60; 
34; 35; 
38; 39; 
40; 52; 
43; 44; 
45; 49; 
46; 47; 48; 
50; 51; 
53; 54; 
55; 56; 
57; 58; 
59; 63; 
61; 62; 
64; 65; 66; 
67; 68; 
69; 71; 70; 
72; 75; 
73; 77; 
74; 76; 
78; 102; 
79; 80; 
81; 82; 
83; 86; 100; 
84; 85; 
87; 88; 
89; 92; 
90; 91; 
93; 94; 
95; 117; 
96; 116; 115; 
97; 114; 
98; 113; 
99; 110; 
101; 103; 
106; 107; 
108; 109; 
111; 112; 
118; 119; 
120; 122; 121; 
123; 124; 
125; 127; 
126; 156; 
128; 129; 
130; 131; 
132; 133; 
134; 135; 
136; 137; 
138; 139; 
140; 142; 
141; 146; 
143; 144; 
145; 147; 
148; 149; 
150; 151; 152; 
153; 154; 
155; 157; 
158; 159; 
160; 161; 
162; 173; 
163; 172; 
164; 165; 
166; 171; 
167; 168; 
169; 170; 
174; 175; 
176; 177; 
178; 179; 
180; 181; 
182; 183; 
184; 185; 
186; 187; 
188; 189; 190; 
191; 192; 
193; 194; 
195; 196; 
197; 198; 
199; 200; 
201; 203; 202; 
204; 206; 205; 
207; 208; 
209; 210; 
211; 214; 
212; 213; 
215; 217; 
216; 218; 
219; 220; 236; 
221; 233; 
222; 223; 
224; 226; 225; 
227; 228; 
229; 230; 
231; 232; 
234; 235; 
237; 238; 
239; 240; 
241; 242; 
243; 245; 244; 
246; 247; 
248; 249; 
250; 251; 
252; 253; 
254; 255; 256; 
Recursion step 2:
Partitions:
0; 1; 
2; 120; 3; 
4; 10; 
5; 6; 
7; 8; 
9; 23; 
11; 12; 
13; 14; 
15; 21; 
16; 17; 20; 
18; 31; 
19; 30; 
22; 26; 
24; 25; 
27; 28; 29; 
32; 33; 
34; 35; 
36; 37; 
38; 52; 
39; 40; 
41; 42; 
43; 51; 
44; 45; 
46; 47; 
48; 113; 49; 
50; 55; 
53; 54; 
56; 100; 
57; 87; 
58; 62; 61; 
59; 85; 86; 
60; 74; 
63; 69; 
64; 65; 
66; 67; 
68; 71; 70; 
72; 73; 
75; 76; 
77; 78; 
79; 80; 
81; 82; 
83; 84; 
88; 101; 
89; 92; 
90; 91; 
93; 94; 
95; 96; 
97; 98; 
99; 107; 
102; 103; 
104; 112; 
105; 111; 
106; 108; 
109; 110; 
114; 115; 
116; 117; 
118; 119; 
Recursion step 3:
Partitions:
0; 7; 
1; 2; 56; 
3; 4; 
5; 12; 
6; 8; 
9; 14; 
10; 11; 
13; 15; 
16; 17; 
18; 19; 
20; 21; 
22; 23; 
24; 50; 
25; 26; 
27; 49; 
28; 42; 
29; 30; 
31; 36; 
32; 35; 
33; 34; 
37; 41; 
38; 39; 
40; 44; 
43; 45; 
46; 47; 
48; 52; 
51; 53; 
54; 55; 
Recursion step 4:
Partitions:
0; 1; 
2; 27; 
3; 4; 
5; 6; 
7; 8; 
9; 10; 
11; 13; 
12; 26; 
14; 25; 
15; 22; 
16; 17; 
18; 19; 
20; 21; 
23; 24; 
Recursion step 5:
Partitions:
0; 2; 
1; 6; 
3; 4; 
5; 11; 
7; 8; 
9; 13; 
10; 12; 
Recursion step 6:
Partitions:
0; 2; 
1; 3; 4; 
5; 6; 
Recursion step 7:
