Recursion step 0:
Partitions:
0; 723; 
1; 714; 
2; 3; 
4; 704; 
5; 717; 
6; 709; 
7; 708; 700; 
8; 9; 
10; 703; 
11; 12; 
13; 17; 
14; 16; 
15; 19; 18; 
20; 24; 23; 
21; 691; 695; 
22; 27; 
25; 26; 98; 
28; 38; 
29; 46; 
30; 33; 81; 
31; 683; 
32; 35; 
34; 37; 
36; 43; 
39; 47; 
40; 41; 48; 
42; 45; 
44; 685; 
49; 65; 
50; 107; 
51; 111; 
52; 72; 71; 53; 54; 
55; 61; 
56; 57; 
58; 59; 
60; 104; 
62; 69; 
63; 114; 
64; 66; 
67; 108; 
68; 89; 
70; 105; 
73; 110; 
74; 76; 
75; 112; 
77; 106; 116; 
78; 671; 
79; 670; 
80; 684; 
82; 84; 
83; 85; 
86; 97; 
87; 101; 
88; 96; 102; 
90; 91; 
92; 687; 688; 
93; 690; 
94; 689; 
95; 686; 
99; 100; 
103; 115; 
109; 113; 
117; 649; 
118; 648; 
119; 120; 
121; 170; 
122; 167; 
123; 124; 
125; 166; 
126; 131; 
127; 132; 
128; 283; 282; 
129; 602; 
130; 278; 
133; 147; 
134; 135; 
136; 137; 
138; 139; 
140; 151; 
141; 172; 
142; 162; 
143; 144; 
145; 171; 
146; 148; 
149; 150; 
152; 158; 
153; 160; 
154; 163; 
155; 631; 
156; 608; 
157; 159; 
161; 635; 
164; 165; 
168; 169; 
173; 175; 
174; 183; 
176; 178; 
177; 182; 
179; 180; 181; 
184; 552; 185; 
186; 553; 
187; 544; 
188; 543; 
189; 541; 
190; 537; 269; 
191; 255; 
192; 193; 266; 
194; 196; 
195; 256; 
197; 526; 
198; 200; 
199; 202; 
201; 203; 
204; 235; 
205; 241; 238; 
206; 253; 
207; 246; 
208; 221; 
209; 521; 
210; 250; 
211; 510; 
212; 508; 
213; 252; 
214; 216; 217; 218; 
215; 222; 
219; 512; 
220; 513; 
223; 225; 
224; 515; 
226; 242; 240; 
227; 330; 
228; 229; 
230; 325; 
231; 320; 
232; 233; 329; 
234; 239; 
236; 237; 
243; 254; 
244; 245; 
247; 514; 
248; 251; 
249; 511; 
257; 264; 
258; 271; 
259; 263; 
260; 524; 
261; 262; 
265; 268; 
267; 270; 
272; 274; 
273; 277; 
275; 280; 279; 
276; 281; 
284; 287; 
285; 290; 
286; 289; 
288; 301; 
291; 293; 
292; 408; 407; 
294; 297; 
295; 416; 
296; 487; 476; 
298; 483; 484; 
299; 300; 
302; 316; 
303; 356; 
304; 306; 
305; 307; 
308; 401; 
309; 314; 
310; 312; 
311; 397; 
313; 360; 362; 
315; 357; 
317; 318; 
319; 327; 
321; 331; 
322; 324; 
323; 337; 347; 
326; 333; 
328; 332; 
334; 338; 
335; 336; 
339; 350; 
340; 348; 
341; 494; 
342; 343; 
344; 497; 
345; 349; 
346; 351; 
352; 507; 
353; 501; 502; 
354; 355; 
358; 482; 
359; 488; 
361; 474; 402; 
363; 475; 
364; 403; 
365; 373; 
366; 372; 
367; 371; 
368; 370; 369; 
374; 375; 
376; 377; 
378; 379; 
380; 381; 
382; 383; 
384; 399; 
385; 388; 
386; 387; 
389; 390; 391; 
392; 393; 
394; 395; 
396; 400; 
398; 406; 
404; 405; 
409; 414; 
410; 411; 
412; 457; 
413; 461; 
415; 456; 
417; 466; 
418; 465; 
419; 458; 
420; 421; 
422; 423; 
424; 425; 426; 
427; 428; 
429; 430; 
431; 432; 
433; 434; 435; 
436; 437; 
438; 439; 
440; 441; 
442; 443; 
444; 445; 
446; 447; 
448; 449; 
450; 451; 
452; 460; 
453; 469; 
454; 455; 
459; 462; 
463; 464; 
467; 468; 
470; 471; 
472; 473; 
477; 478; 
479; 490; 489; 
480; 481; 
485; 486; 
491; 496; 
492; 493; 
495; 498; 
499; 503; 500; 
504; 505; 
506; 509; 
516; 519; 
517; 518; 
520; 525; 
522; 523; 
527; 539; 
528; 540; 
529; 533; 
530; 536; 
531; 535; 534; 532; 538; 
542; 547; 
545; 548; 
546; 563; 
549; 573; 
550; 574; 
551; 562; 560; 
554; 556; 555; 
557; 594; 596; 
558; 591; 
559; 564; 
561; 595; 
565; 572; 
566; 584; 
567; 575; 
568; 586; 
569; 570; 581; 
571; 580; 
576; 577; 
578; 579; 583; 
582; 606; 
585; 588; 
587; 593; 589; 
590; 592; 597; 599; 
598; 604; 600; 
601; 603; 
605; 607; 
609; 619; 
610; 630; 
611; 613; 
612; 654; 
614; 617; 
615; 632; 
616; 629; 
618; 637; 
620; 636; 
621; 622; 
623; 659; 
624; 626; 
625; 628; 
627; 655; 658; 
633; 634; 
638; 640; 
639; 642; 
641; 645; 643; 
644; 651; 
646; 647; 
650; 652; 
653; 661; 
656; 657; 
660; 664; 
662; 663; 
665; 678; 
666; 675; 
667; 679; 
668; 676; 
669; 680; 
672; 681; 
673; 682; 
674; 677; 
692; 697; 702; 
693; 722; 721; 
694; 698; 
696; 720; 
699; 719; 
701; 710; 
705; 713; 
706; 707; 718; 
711; 712; 
715; 716; 
Recursion step 1:
Partitions:
0; 9; 
1; 326; 
2; 333; 
3; 331; 
4; 332; 
5; 334; 
6; 329; 
7; 330; 
8; 328; 
10; 54; 16; 
11; 59; 
12; 51; 
13; 325; 
14; 327; 
15; 57; 
17; 23; 
18; 19; 
20; 26; 
21; 22; 
24; 48; 
25; 47; 
27; 55; 
28; 29; 
30; 34; 
31; 42; 
32; 35; 33; 
36; 50; 
37; 49; 
38; 45; 
39; 40; 
41; 60; 
43; 61; 44; 
46; 320; 321; 
52; 53; 
56; 58; 
62; 65; 
63; 312; 
64; 307; 
66; 82; 
67; 93; 68; 
69; 70; 
71; 72; 
73; 152; 
74; 286; 
75; 84; 
76; 78; 
77; 91; 
79; 81; 
80; 87; 293; 
83; 290; 
85; 299; 
86; 92; 
88; 292; 
89; 90; 
94; 96; 
95; 288; 
97; 98; 
99; 100; 270; 
101; 103; 266; 
102; 142; 
104; 265; 
105; 116; 126; 
106; 148; 
107; 109; 
108; 115; 
110; 113; 
111; 136; 
112; 129; 
114; 135; 
117; 259; 
118; 119; 
120; 140; 
121; 122; 
123; 137; 138; 
124; 188; 
125; 130; 
127; 258; 
128; 257; 
131; 132; 
133; 134; 
139; 141; 
143; 150; 
144; 146; 145; 
147; 260; 
149; 151; 
153; 155; 154; 
156; 254; 
157; 197; 
158; 216; 219; 
159; 162; 
160; 250; 
161; 248; 
163; 252; 
164; 167; 
165; 192; 
166; 174; 
168; 169; 
170; 215; 171; 
172; 195; 
173; 193; 
175; 179; 
176; 180; 
177; 182; 
178; 181; 251; 
183; 253; 185; 
184; 189; 
186; 187; 
190; 256; 
191; 255; 
194; 196; 
198; 199; 
200; 201; 
202; 203; 
204; 206; 205; 
207; 214; 
208; 209; 
210; 211; 
212; 213; 
217; 220; 
218; 239; 
221; 241; 
222; 223; 
224; 225; 
226; 227; 
228; 229; 
230; 231; 
232; 233; 
234; 235; 
236; 237; 238; 
240; 244; 
242; 243; 
245; 246; 
247; 249; 
261; 262; 
263; 275; 
264; 268; 267; 
269; 277; 
271; 276; 
272; 279; 282; 
273; 274; 
278; 283; 284; 
280; 281; 
285; 291; 
287; 289; 
294; 305; 
295; 323; 
296; 297; 
298; 301; 
300; 306; 
302; 303; 
304; 318; 
308; 311; 
309; 310; 
313; 319; 
314; 315; 
316; 317; 
322; 324; 
Recursion step 2:
Partitions:
0; 1; 
2; 8; 12; 
3; 7; 5; 
4; 6; 
9; 14; 
10; 27; 
11; 33; 
13; 34; 
15; 17; 
16; 21; 18; 
19; 20; 
22; 28; 
23; 29; 
24; 31; 25; 
26; 30; 
32; 155; 149; 146; 154; 
35; 36; 
37; 151; 
38; 39; 
40; 41; 
42; 84; 
43; 141; 
44; 49; 
45; 142; 
46; 53; 
47; 55; 
48; 52; 
50; 148; 
51; 147; 
54; 56; 
57; 136; 
58; 59; 
60; 135; 
61; 64; 
62; 81; 
63; 83; 
65; 133; 
66; 68; 
67; 73; 
69; 80; 
70; 82; 
71; 72; 
74; 104; 
75; 102; 
76; 77; 
78; 101; 
79; 100; 
85; 108; 
86; 92; 89; 
87; 88; 
90; 132; 91; 
93; 96; 95; 
94; 97; 
98; 131; 
99; 109; 
103; 105; 
106; 107; 
110; 111; 
112; 113; 
114; 117; 
115; 116; 
118; 119; 
120; 129; 
121; 130; 
122; 123; 
124; 126; 125; 
127; 128; 
134; 137; 
138; 140; 
139; 143; 
144; 145; 
150; 152; 
153; 156; 
Recursion step 3:
Partitions:
0; 1; 
2; 3; 
4; 8; 10; 
5; 14; 
6; 11; 
7; 9; 
12; 13; 
15; 24; 
16; 18; 
17; 22; 
19; 20; 
21; 23; 
25; 29; 
26; 28; 
27; 71; 
30; 69; 
31; 68; 
32; 67; 
33; 36; 
34; 35; 
37; 38; 
39; 40; 
41; 56; 
42; 44; 
43; 45; 
46; 51; 
47; 48; 
49; 64; 65; 
50; 55; 
52; 53; 54; 
57; 58; 
59; 60; 
61; 66; 
62; 63; 
70; 72; 
Recursion step 4:
Partitions:
0; 2; 
1; 4; 5; 
3; 6; 
7; 14; 
8; 9; 
10; 16; 
11; 15; 
12; 17; 
13; 34; 
18; 24; 
19; 21; 
20; 25; 
22; 26; 
23; 28; 
27; 32; 
29; 33; 
30; 31; 
Recursion step 5:
Partitions:
0; 1; 
2; 4; 
3; 8; 
5; 10; 
6; 7; 
9; 11; 
12; 14; 13; 
15; 16; 
Recursion step 6:
