Recursion step 0:
Partitions:
0; 250; 
1; 456; 197; 
2; 258; 261; 
3; 571; 434; 
4; 186; 
5; 432; 
6; 144; 
7; 145; 
8; 275; 326; 
9; 204; 
10; 230; 
11; 206; 190; 
12; 135; 745; 
13; 15; 
14; 316; 
16; 337; 
17; 640; 
18; 101; 
19; 470; 295; 
20; 142; 226; 
21; 139; 
22; 212; 
23; 619; 211; 
24; 210; 
25; 313; 
26; 314; 
27; 315; 332; 
28; 620; 232; 
29; 233; 338; 
30; 234; 
31; 34; 
32; 310; 
33; 531; 543; 
35; 347; 
36; 641; 
37; 341; 
38; 222; 
39; 657; 
40; 317; 
41; 318; 
42; 552; 93; 
43; 79; 94; 
44; 95; 
45; 48; 
46; 383; 
47; 503; 
49; 504; 
50; 514; 
51; 52; 537; 
53; 563; 154; 556; 560; 
54; 214; 695; 
55; 533; 
56; 70; 
57; 74; 
58; 72; 
59; 468; 
60; 579; 
61; 607; 
62; 634; 
63; 240; 
64; 255; 
65; 475; 68; 
66; 174; 
67; 436; 
69; 541; 263; 
71; 606; 
73; 633; 
75; 512; 649; 
76; 577; 
77; 499; 
78; 372; 
80; 220; 
81; 221; 
82; 133; 85; 
83; 131; 
84; 132; 
86; 357; 128; 
87; 627; 
88; 474; 
89; 102; 
90; 718; 983; 
91; 98; 
92; 384; 
96; 411; 
97; 177; 
99; 340; 
100; 237; 
103; 513; 
104; 502; 
105; 586; 
106; 108; 
107; 466; 
109; 111; 
110; 112; 
113; 617; 
114; 115; 
116; 119; 
117; 590; 
118; 611; 
120; 121; 
122; 363; 
123; 565; 
124; 566; 569; 
125; 327; 
126; 330; 
127; 331; 
129; 484; 
130; 299; 281; 
134; 165; 
136; 496; 
137; 289; 
138; 398; 
140; 329; 
141; 288; 
143; 189; 227; 
146; 298; 272; 
147; 180; 
148; 392; 
149; 402; 
150; 196; 
151; 307; 
152; 312; 
153; 546; 
155; 559; 558; 
156; 555; 
157; 425; 
158; 205; 
159; 493; 
160; 550; 
161; 271; 
162; 762; 
163; 360; 361; 
164; 763; 872; 
166; 1075; 
167; 172; 625; 
168; 171; 
169; 584; 
170; 604; 615; 
173; 573; 
175; 583; 
176; 395; 
178; 200; 
179; 469; 
181; 199; 291; 
182; 433; 422; 
183; 486; 404; 
184; 442; 
185; 459; 
187; 473; 406; 
188; 257; 
191; 575; 
192; 516; 
193; 517; 
194; 462; 
195; 223; 
198; 464; 
201; 202; 
203; 630; 
207; 760; 
208; 407; 
209; 549; 
213; 478; 
215; 568; 
216; 364; 
217; 343; 358; 
218; 344; 
219; 345; 
224; 297; 
225; 296; 461; 
228; 419; 
229; 621; 
231; 479; 
235; 602; 614; 
236; 656; 
238; 414; 239; 
241; 253; 
242; 254; 
243; 578; 
244; 249; 
245; 650; 248; 
246; 652; 
247; 497; 
251; 453; 
252; 381; 
256; 259; 
260; 654; 
262; 353; 
264; 829; 939; 
265; 430; 
266; 686; 
267; 270; 
268; 378; 
269; 367; 366; 
273; 467; 
274; 458; 655; 
276; 287; 
277; 618; 
278; 389; 
279; 390; 
280; 400; 379; 
282; 300; 
283; 336; 
284; 286; 
285; 841; 1076; 
290; 324; 
292; 377; 
293; 483; 
294; 423; 
301; 642; 
302; 303; 
304; 645; 
305; 354; 
306; 542; 
308; 545; 
309; 311; 
319; 333; 
320; 321; 
322; 388; 
323; 401; 
325; 403; 
328; 449; 
334; 335; 
339; 342; 
346; 348; 
349; 527; 
350; 593; 
351; 498; 
352; 420; 
355; 544; 
356; 472; 
359; 646; 365; 
362; 534; 
368; 581; 
369; 441; 
370; 522; 
371; 540; 
373; 582; 
374; 396; 
375; 447; 
376; 457; 
380; 576; 
382; 413; 511; 
385; 905; 
386; 598; 
387; 589; 
391; 623; 394; 
393; 622; 
397; 506; 
399; 485; 
405; 638; 
408; 592; 435; 
409; 651; 
410; 415; 
412; 500; 
416; 572; 594; 
417; 450; 
418; 509; 
421; 438; 
424; 495; 
426; 428; 
427; 587; 
429; 480; 
431; 936; 933; 
437; 445; 
439; 553; 570; 
440; 595; 
443; 492; 
444; 507; 
446; 636; 
448; 491; 
451; 471; 
452; 639; 
454; 551; 
455; 612; 600; 
460; 515; 
463; 626; 
465; 624; 
476; 919; 966; 
477; 494; 
481; 482; 
487; 875; 740; 
488; 490; 489; 
501; 653; 
505; 591; 
508; 597; 
510; 523; 
518; 519; 
520; 574; 
521; 599; 
524; 526; 525; 
528; 529; 
530; 532; 
535; 536; 
538; 561; 
539; 547; 
548; 1061; 
554; 562; 557; 
564; 567; 
580; 608; 
585; 605; 
588; 616; 
596; 637; 
601; 613; 
603; 635; 
609; 987; 1052; 
610; 721; 1063; 
628; 631; 
629; 632; 
643; 644; 
647; 648; 
658; 816; 
659; 913; 701; 
660; 938; 
661; 862; 
662; 1027; 
663; 752; 802; 
664; 789; 
665; 780; 
666; 859; 
667; 858; 
668; 810; 
669; 675; 
670; 775; 
671; 842; 
672; 830; 
673; 739; 1043; 
674; 1047; 
676; 808; 
677; 741; 
678; 828; 
679; 736; 693; 
680; 1001; 
681; 1000; 
682; 906; 
683; 800; 1073; 
684; 801; 
685; 887; 
687; 710; 
688; 963; 
689; 1011; 
690; 772; 
691; 1064; 
692; 1065; 
694; 1002; 1009; 
696; 1004; 1005; 
697; 965; 
698; 706; 
699; 961; 
700; 819; 
702; 770; 947; 
703; 769; 
704; 1008; 
705; 1050; 912; 
707; 882; 
708; 902; 1032; 
709; 728; 
711; 1083; 
712; 743; 
713; 742; 
714; 799; 
715; 809; 
716; 1059; 
717; 722; 788; 
719; 723; 
720; 940; 
724; 873; 1055; 
725; 811; 
726; 1067; 
727; 826; 
729; 1015; 
730; 731; 
732; 733; 
734; 776; 735; 
737; 885; 
738; 793; 
744; 1077; 
746; 917; 
747; 914; 
748; 794; 
749; 920; 1071; 
750; 804; 
751; 1042; 
753; 886; 
754; 910; 
755; 784; 
756; 1021; 
757; 855; 
758; 787; 
759; 1060; 806; 
761; 1013; 
764; 851; 
765; 768; 
766; 1035; 
767; 993; 
771; 904; 
773; 1056; 
774; 786; 
777; 1051; 
778; 807; 968; 
779; 1081; 
781; 899; 
782; 1036; 
783; 894; 
785; 928; 
790; 976; 
791; 915; 
792; 944; 
795; 948; 
796; 890; 
797; 884; 
798; 877; 
803; 1046; 952; 
805; 927; 
812; 818; 
813; 814; 
815; 926; 
817; 1080; 
820; 822; 824; 
821; 823; 
825; 827; 
831; 892; 
832; 893; 
833; 866; 
834; 954; 
835; 848; 
836; 946; 
837; 908; 
838; 901; 
839; 876; 
840; 889; 
843; 865; 
844; 900; 
845; 970; 
846; 962; 
847; 956; 
849; 874; 
850; 1074; 
852; 1025; 
853; 1010; 
854; 1018; 1016; 
856; 869; 
857; 868; 870; 
860; 964; 
861; 878; 
863; 929; 907; 
864; 916; 
867; 942; 
871; 888; 
879; 999; 881; 
880; 1028; 
883; 930; 
891; 1023; 
895; 1029; 
896; 924; 
897; 1044; 
898; 979; 
903; 994; 
909; 1012; 
911; 971; 
918; 935; 
921; 978; 
922; 1068; 
923; 996; 
925; 988; 
931; 1026; 
932; 969; 
934; 972; 
937; 1037; 
941; 943; 
945; 953; 
949; 959; 
950; 1072; 
951; 957; 
955; 982; 
958; 1054; 
960; 1082; 
967; 975; 
973; 974; 
977; 1057; 
980; 1030; 
981; 1031; 
984; 1040; 
985; 1079; 
986; 1048; 
989; 1078; 
990; 1041; 
991; 1014; 
992; 1049; 
995; 1038; 1045; 
997; 998; 
1003; 1022; 1024; 
1006; 1020; 
1007; 1066; 
1017; 1019; 
1033; 1034; 
1039; 1053; 
1058; 1070; 
1062; 1069; 
Recursion step 1:
Partitions:
0; 184; 
1; 284; 276; 
2; 183; 
3; 264; 
4; 144; 
5; 114; 
6; 169; 
7; 19; 
8; 20; 
9; 117; 
10; 165; 126; 
11; 171; 
12; 13; 
14; 230; 
15; 173; 85; 
16; 86; 104; 
17; 26; 112; 
18; 145; 217; 
21; 103; 
22; 25; 
23; 266; 
24; 105; 
27; 113; 76; 
28; 35; 
29; 106; 222; 
30; 212; 
31; 49; 156; 
32; 214; 
33; 287; 257; 
34; 71; 74; 
36; 73; 
37; 148; 
38; 164; 
39; 75; 72; 
40; 274; 
41; 91; 
42; 278; 269; 
43; 157; 77; 
44; 306; 78; 
45; 84; 
46; 250; 
47; 225; 
48; 292; 
50; 100; 297; 
51; 231; 
52; 65; 
53; 55; 
54; 66; 
56; 354; 
57; 70; 
58; 298; 
59; 282; 
60; 63; 
61; 311; 
62; 267; 
64; 235; 
67; 283; 
68; 176; 
69; 227; 
79; 307; 
80; 340; 
81; 82; 
83; 140; 
87; 226; 
88; 178; 
89; 92; 
90; 93; 244; 
94; 96; 
95; 97; 
98; 99; 
101; 162; 
102; 163; 
107; 428; 435; 
108; 309; 
109; 143; 127; 
110; 248; 
111; 197; 205; 
115; 195; 154; 
116; 220; 
118; 204; 246; 
119; 219; 
120; 228; 
121; 213; 
122; 294; 
123; 141; 
124; 296; 
125; 166; 
128; 427; 389; 
129; 192; 
130; 421; 
131; 429; 
132; 375; 
133; 390; 318; 
134; 243; 
135; 233; 
136; 137; 
138; 247; 251; 
139; 238; 
142; 256; 
146; 207; 
147; 182; 
149; 185; 
150; 285; 
151; 234; 239; 
152; 288; 
153; 255; 
155; 196; 
158; 404; 
159; 281; 
160; 295; 
161; 258; 
167; 271; 
168; 273; 
170; 215; 
172; 301; 
174; 415; 
175; 240; 
177; 181; 
179; 237; 
180; 253; 
186; 409; 
187; 481; 
188; 441; 
189; 359; 
190; 420; 
191; 198; 
193; 229; 
194; 302; 265; 
199; 245; 
200; 218; 
201; 210; 
202; 221; 
203; 447; 
206; 279; 216; 
208; 319; 436; 
209; 308; 
211; 291; 
223; 224; 
232; 236; 
241; 252; 
242; 418; 
249; 379; 
254; 314; 
259; 260; 
261; 432; 
262; 443; 
263; 272; 
268; 423; 
270; 275; 
277; 322; 
280; 365; 
286; 290; 
289; 383; 489; 
293; 491; 
299; 488; 300; 
303; 483; 
304; 392; 
305; 355; 338; 
310; 348; 414; 
312; 433; 
313; 380; 
315; 424; 422; 
316; 388; 
317; 398; 
320; 326; 
321; 366; 
323; 378; 
324; 374; 
325; 440; 
327; 361; 
328; 360; 
329; 451; 
330; 344; 
331; 437; 
332; 468; 448; 
333; 456; 
334; 356; 
335; 357; 
336; 358; 
337; 364; 
339; 386; 
341; 362; 
342; 363; 367; 
343; 373; 
345; 394; 352; 
346; 461; 
347; 484; 
349; 497; 
350; 449; 
351; 453; 
353; 485; 
368; 417; 
369; 464; 
370; 476; 
371; 478; 
372; 495; 
376; 384; 460; 
377; 445; 
381; 434; 
382; 407; 
385; 438; 
387; 439; 
391; 463; 
393; 395; 
396; 430; 
397; 473; 
399; 472; 
400; 486; 
401; 487; 
402; 403; 
405; 457; 
406; 446; 
408; 490; 
410; 442; 
411; 474; 
412; 444; 
413; 455; 
416; 480; 
419; 482; 
425; 496; 
426; 431; 
450; 479; 
452; 462; 
454; 470; 
458; 477; 
459; 465; 
466; 467; 
469; 494; 
471; 475; 
492; 493; 
Recursion step 2:
Partitions:
0; 101; 105; 
1; 97; 
2; 118; 57; 
3; 4; 
5; 77; 
6; 17; 
7; 99; 
8; 18; 
9; 113; 86; 
10; 79; 
11; 80; 
12; 92; 
13; 130; 
14; 22; 
15; 110; 
16; 19; 
20; 21; 
23; 33; 
24; 30; 
25; 136; 
26; 71; 
27; 82; 
28; 93; 
29; 32; 
31; 213; 
34; 102; 
35; 103; 
36; 148; 
37; 62; 
38; 40; 
39; 41; 59; 
42; 153; 
43; 44; 
45; 184; 
46; 49; 
47; 121; 185; 
48; 186; 
50; 191; 
51; 63; 
52; 96; 
53; 188; 
54; 100; 
55; 189; 
56; 58; 
60; 182; 61; 
64; 116; 
65; 66; 
67; 68; 
69; 195; 194; 
70; 84; 
72; 170; 
73; 91; 
74; 128; 
75; 125; 
76; 129; 
78; 106; 
81; 83; 
85; 201; 
87; 88; 
89; 90; 
94; 95; 
98; 104; 
107; 163; 
108; 196; 
109; 210; 
111; 126; 
112; 127; 
114; 150; 164; 
115; 217; 
117; 119; 
120; 171; 
122; 167; 165; 
123; 177; 
124; 220; 
131; 135; 
132; 134; 
133; 160; 
137; 151; 174; 
138; 209; 
139; 146; 
140; 218; 
141; 169; 
142; 215; 
143; 144; 
145; 162; 
147; 219; 
149; 159; 
152; 197; 
154; 208; 
155; 187; 
156; 203; 
157; 193; 
158; 221; 
161; 166; 
168; 211; 
172; 212; 
173; 183; 
175; 202; 
176; 178; 
179; 192; 
180; 200; 
181; 229; 
190; 216; 
198; 214; 
199; 228; 
204; 224; 
205; 206; 
207; 222; 
223; 227; 
225; 226; 
Recursion step 3:
Partitions:
0; 1; 
2; 30; 
3; 5; 
4; 6; 
7; 93; 
8; 54; 
9; 23; 
10; 52; 
11; 51; 
12; 53; 
13; 16; 
14; 15; 
17; 18; 
19; 21; 
20; 28; 29; 
22; 26; 
24; 98; 
25; 79; 
27; 61; 
31; 57; 95; 
32; 49; 
33; 35; 
34; 36; 
37; 92; 
38; 41; 
39; 69; 
40; 97; 
42; 101; 
43; 45; 
44; 102; 
46; 47; 
48; 109; 
50; 71; 
55; 65; 
56; 100; 
58; 59; 
60; 90; 77; 
62; 63; 
64; 105; 
66; 85; 103; 
67; 81; 
68; 80; 
70; 96; 
72; 84; 
73; 87; 
74; 75; 
76; 83; 
78; 106; 
82; 86; 
88; 91; 
89; 108; 
94; 104; 
99; 107; 
Recursion step 4:
Partitions:
0; 28; 
1; 25; 
2; 48; 
3; 11; 12; 5; 43; 32; 4; 
6; 7; 9; 
8; 35; 
10; 33; 
13; 42; 
14; 24; 
15; 18; 
16; 40; 
17; 52; 26; 
19; 20; 
21; 22; 
23; 47; 
27; 34; 
29; 41; 
30; 49; 
31; 46; 
36; 50; 
37; 38; 
39; 51; 
44; 45; 
Recursion step 5:
Partitions:
0; 9; 19; 14; 13; 
1; 8; 
2; 11; 
3; 22; 
4; 10; 
5; 20; 
6; 21; 
7; 15; 
12; 16; 
17; 18; 
Recursion step 6:
