Recursion step 0:
Partitions:
0; 250; 
1; 456; 197; 
2; 258; 261; 
3; 571; 434; 
4; 186; 
5; 432; 
6; 144; 
7; 145; 
8; 275; 326; 
9; 204; 
10; 230; 
11; 206; 190; 
12; 135; 745; 
13; 15; 
14; 316; 
16; 337; 
17; 640; 
18; 101; 
19; 470; 295; 
20; 142; 226; 
21; 139; 
22; 212; 
23; 619; 211; 
24; 210; 
25; 313; 
26; 314; 
27; 315; 332; 
28; 620; 232; 
29; 233; 338; 
30; 234; 
31; 34; 
32; 310; 
33; 531; 543; 
35; 347; 
36; 641; 
37; 341; 
38; 222; 
39; 657; 
40; 317; 
41; 318; 
42; 552; 93; 
43; 79; 94; 
44; 95; 
45; 48; 
46; 383; 
47; 503; 
49; 504; 
50; 514; 
51; 52; 537; 
53; 563; 154; 556; 560; 
54; 214; 695; 
55; 533; 
56; 70; 
57; 74; 
58; 72; 
59; 468; 
60; 579; 
61; 607; 
62; 634; 
63; 240; 
64; 255; 
65; 475; 68; 
66; 174; 
67; 436; 
69; 541; 263; 
71; 606; 
73; 633; 
75; 512; 649; 
76; 577; 
77; 499; 
78; 372; 
80; 220; 
81; 221; 
82; 133; 85; 
83; 131; 
84; 132; 
86; 357; 128; 
87; 627; 
88; 474; 
89; 102; 
90; 718; 983; 
91; 98; 
92; 384; 
96; 411; 
97; 177; 
99; 340; 
100; 237; 
103; 513; 
104; 502; 
105; 586; 
106; 108; 
107; 466; 
109; 111; 
110; 112; 
113; 617; 
114; 115; 
116; 119; 
117; 590; 
118; 611; 
120; 121; 
122; 363; 
123; 565; 
124; 566; 569; 
125; 327; 
126; 330; 
127; 331; 
129; 484; 
130; 299; 281; 
134; 165; 
136; 496; 
137; 289; 
138; 398; 
140; 329; 
141; 288; 
143; 189; 227; 
146; 298; 272; 
147; 180; 
148; 392; 
149; 402; 
150; 196; 
151; 307; 
152; 312; 
153; 546; 
155; 559; 558; 
156; 555; 
157; 425; 
158; 205; 
159; 493; 
160; 550; 
161; 271; 
162; 762; 
163; 360; 361; 
164; 763; 872; 
166; 1075; 
167; 172; 625; 
168; 171; 
169; 584; 
170; 604; 615; 
173; 573; 
175; 583; 
176; 395; 
178; 200; 
179; 469; 
181; 199; 291; 
182; 433; 422; 
183; 486; 404; 
184; 442; 
185; 459; 
187; 473; 406; 
188; 257; 
191; 575; 
192; 516; 
193; 517; 
194; 462; 
195; 223; 
198; 464; 
201; 202; 
203; 630; 
207; 760; 
208; 407; 
209; 549; 
213; 478; 
215; 568; 
216; 364; 
217; 343; 358; 
218; 344; 
219; 345; 
224; 297; 
225; 296; 461; 
228; 419; 
229; 621; 
231; 479; 
235; 602; 614; 
236; 656; 
238; 414; 239; 
241; 253; 
242; 254; 
243; 578; 
244; 249; 
245; 650; 248; 
246; 652; 
247; 497; 
251; 453; 
252; 381; 
256; 259; 
260; 654; 
262; 353; 
264; 829; 939; 
265; 430; 
266; 686; 
267; 270; 
268; 378; 
269; 367; 366; 
273; 467; 
274; 458; 655; 
276; 287; 
277; 618; 
278; 389; 
279; 390; 
280; 400; 379; 
282; 300; 
283; 336; 
284; 286; 
285; 841; 1076; 
290; 324; 
292; 377; 
293; 483; 
294; 423; 
301; 642; 
302; 303; 
304; 645; 
305; 354; 
306; 542; 
308; 545; 
309; 311; 
319; 333; 
320; 321; 
322; 388; 
323; 401; 
325; 403; 
328; 449; 
334; 335; 
339; 342; 
346; 348; 
349; 527; 
350; 593; 
351; 498; 
352; 420; 
355; 544; 
356; 472; 
359; 646; 365; 
362; 534; 
368; 581; 
369; 441; 
370; 522; 
371; 540; 
373; 582; 
374; 396; 
375; 447; 
376; 457; 
380; 576; 
382; 413; 511; 
385; 905; 
386; 598; 
387; 589; 
391; 623; 394; 
393; 622; 
397; 506; 
399; 485; 
405; 638; 
408; 592; 435; 
409; 651; 
410; 415; 
412; 500; 
416; 572; 594; 
417; 450; 
418; 509; 
421; 438; 
424; 495; 
426; 428; 
427; 587; 
429; 480; 
431; 936; 933; 
437; 445; 
439; 553; 570; 
440; 595; 
443; 492; 
444; 507; 
446; 636; 
448; 491; 
451; 471; 
452; 639; 
454; 551; 
455; 612; 600; 
460; 515; 
463; 626; 
465; 624; 
476; 919; 966; 
477; 494; 
481; 482; 
487; 875; 740; 
488; 490; 489; 
501; 653; 
505; 591; 
508; 597; 
510; 523; 
518; 519; 
520; 574; 
521; 599; 
524; 526; 525; 
528; 529; 
530; 532; 
535; 536; 
538; 561; 
539; 547; 
548; 1061; 
554; 562; 557; 
564; 567; 
580; 608; 
585; 605; 
588; 616; 
596; 637; 
601; 613; 
603; 635; 
609; 987; 1052; 
610; 721; 1063; 
628; 631; 
629; 632; 
643; 644; 
647; 648; 
658; 816; 
659; 913; 701; 
660; 938; 
661; 862; 
662; 1027; 
663; 752; 802; 
664; 789; 
665; 780; 
666; 859; 
667; 858; 
668; 810; 
669; 675; 
670; 775; 
671; 842; 
672; 830; 
673; 739; 1043; 
674; 1047; 
676; 808; 
677; 741; 
678; 828; 
679; 736; 693; 
680; 1001; 
681; 1000; 
682; 906; 
683; 800; 1073; 
684; 801; 
685; 887; 
687; 710; 
688; 963; 
689; 1011; 
690; 772; 
691; 1064; 
692; 1065; 
694; 1002; 1009; 
696; 1004; 1005; 
697; 965; 
698; 706; 
699; 961; 
700; 819; 
702; 770; 947; 
703; 769; 
704; 1008; 
705; 1050; 912; 
707; 882; 
708; 902; 1032; 
709; 728; 
711; 1083; 
712; 743; 
713; 742; 
714; 799; 
715; 809; 
716; 1059; 
717; 722; 788; 
719; 723; 
720; 940; 
724; 873; 1055; 
725; 811; 
726; 1067; 
727; 826; 
729; 1015; 
730; 731; 
732; 733; 
734; 776; 735; 
737; 885; 
738; 793; 
744; 1077; 
746; 917; 
747; 914; 
748; 794; 
749; 920; 1071; 
750; 804; 
751; 1042; 
753; 886; 
754; 910; 
755; 784; 
756; 1021; 
757; 855; 
758; 787; 
759; 1060; 806; 
761; 1013; 
764; 851; 
765; 768; 
766; 1035; 
767; 993; 
771; 904; 
773; 1056; 
774; 786; 
777; 1051; 
778; 807; 968; 
779; 1081; 
781; 899; 
782; 1036; 
783; 894; 
785; 928; 
790; 976; 
791; 915; 
792; 944; 
795; 948; 
796; 890; 
797; 884; 
798; 877; 
803; 1046; 952; 
805; 927; 
812; 818; 
813; 814; 
815; 926; 
817; 1080; 
820; 822; 824; 
821; 823; 
825; 827; 
831; 892; 
832; 893; 
833; 866; 
834; 954; 
835; 848; 
836; 946; 
837; 908; 
838; 901; 
839; 876; 
840; 889; 
843; 865; 
844; 900; 
845; 970; 
846; 962; 
847; 956; 
849; 874; 
850; 1074; 
852; 1025; 
853; 1010; 
854; 1018; 1016; 
856; 869; 
857; 868; 870; 
860; 964; 
861; 878; 
863; 929; 907; 
864; 916; 
867; 942; 
871; 888; 
879; 999; 881; 
880; 1028; 
883; 930; 
891; 1023; 
895; 1029; 
896; 924; 
897; 1044; 
898; 979; 
903; 994; 
909; 1012; 
911; 971; 
918; 935; 
921; 978; 
922; 1068; 
923; 996; 
925; 988; 
931; 1026; 
932; 969; 
934; 972; 
937; 1037; 
941; 943; 
945; 953; 
949; 959; 
950; 1072; 
951; 957; 
955; 982; 
958; 1054; 
960; 1082; 
967; 975; 
973; 974; 
977; 1057; 
980; 1030; 
981; 1031; 
984; 1040; 
985; 1079; 
986; 1048; 
989; 1078; 
990; 1041; 
991; 1014; 
992; 1049; 
995; 1038; 1045; 
997; 998; 
1003; 1022; 1024; 
1006; 1020; 
1007; 1066; 
1017; 1019; 
1033; 1034; 
1039; 1053; 
1058; 1070; 
1062; 1069; 
Recursion step 1:
Partitions:
0; 184; 
1; 284; 276; 
2; 183; 
3; 264; 
4; 144; 
5; 114; 
6; 167; 169; 
7; 19; 
8; 20; 
9; 117; 
10; 165; 126; 
11; 171; 
12; 13; 
14; 210; 
15; 105; 173; 
16; 86; 104; 
17; 112; 
18; 217; 
21; 26; 
22; 25; 
23; 24; 
27; 85; 
28; 35; 
29; 222; 
30; 212; 
31; 156; 
32; 214; 
33; 62; 
34; 71; 74; 
36; 73; 
37; 148; 
38; 164; 
39; 75; 72; 
40; 274; 
41; 91; 
42; 275; 
43; 157; 77; 
44; 49; 
45; 84; 
46; 250; 
47; 225; 
48; 292; 
50; 297; 
51; 231; 
52; 65; 
53; 54; 
55; 70; 
56; 57; 
58; 298; 
59; 226; 87; 
60; 63; 
61; 311; 
64; 235; 
66; 461; 
67; 283; 
68; 176; 
69; 227; 
76; 113; 
78; 306; 
79; 307; 
80; 340; 
81; 82; 
83; 140; 
88; 178; 
89; 92; 
90; 93; 244; 
94; 96; 
95; 97; 
98; 99; 
100; 162; 
101; 141; 
102; 163; 
103; 195; 
106; 107; 
108; 309; 
109; 143; 127; 
110; 248; 
111; 197; 205; 
115; 154; 
116; 271; 
118; 246; 204; 
119; 219; 
120; 228; 
121; 213; 
122; 294; 
123; 296; 124; 
125; 166; 
128; 421; 
129; 192; 
130; 131; 
132; 429; 
133; 318; 
134; 243; 
135; 233; 
136; 300; 
137; 286; 
138; 247; 251; 
139; 238; 
142; 256; 
145; 270; 
146; 207; 
147; 182; 
149; 185; 
150; 285; 
151; 239; 234; 
152; 288; 
153; 255; 
155; 196; 
158; 384; 
159; 281; 
160; 295; 
161; 258; 
168; 273; 
170; 215; 
172; 301; 
174; 415; 
175; 240; 
177; 181; 
179; 237; 
180; 253; 
186; 329; 
187; 346; 
188; 441; 
189; 359; 
190; 420; 
191; 198; 
193; 229; 
194; 302; 265; 
199; 245; 
200; 218; 
201; 230; 
202; 221; 
203; 447; 
206; 216; 
208; 319; 436; 
209; 308; 
211; 291; 
220; 266; 
223; 224; 290; 
232; 236; 
241; 252; 
242; 418; 
249; 379; 
254; 444; 
257; 287; 
259; 260; 
261; 279; 432; 
262; 443; 
263; 272; 
267; 282; 
268; 423; 
269; 278; 
277; 322; 
280; 365; 
289; 383; 489; 
293; 491; 
299; 488; 
303; 349; 
304; 392; 
305; 355; 338; 
310; 414; 
312; 433; 
313; 380; 
314; 412; 
315; 424; 422; 
316; 388; 
317; 404; 
320; 326; 
321; 366; 
323; 378; 
324; 374; 
325; 440; 
327; 361; 
328; 360; 
330; 344; 
331; 437; 
332; 448; 468; 
333; 456; 
334; 358; 356; 
335; 357; 
336; 410; 
337; 364; 
339; 386; 
341; 362; 
342; 363; 367; 
343; 373; 
345; 394; 
347; 484; 
348; 450; 
350; 449; 
351; 453; 
352; 481; 
353; 485; 
354; 479; 
368; 417; 
369; 464; 
370; 476; 
371; 478; 
372; 495; 
375; 390; 
376; 460; 
377; 445; 
381; 434; 
382; 407; 
385; 438; 
387; 439; 
389; 427; 
391; 463; 
393; 395; 
396; 430; 
397; 473; 
398; 442; 
399; 472; 
400; 486; 
401; 487; 
402; 403; 
405; 457; 
406; 446; 
408; 490; 
409; 451; 
411; 474; 
413; 455; 
416; 480; 
419; 482; 
425; 496; 
426; 431; 
428; 435; 
452; 462; 
454; 470; 
458; 477; 
459; 465; 
466; 467; 
469; 494; 
471; 475; 
483; 497; 
492; 493; 
Recursion step 2:
Partitions:
0; 106; 
1; 97; 
2; 119; 
3; 4; 
5; 78; 
6; 107; 
7; 100; 
8; 18; 
9; 86; 113; 
10; 80; 
11; 81; 
12; 74; 90; 199; 91; 
13; 130; 
14; 21; 
15; 111; 
16; 73; 
17; 99; 
19; 72; 
20; 137; 
22; 32; 
23; 29; 
24; 136; 
25; 71; 37; 
26; 83; 
27; 144; 92; 
28; 57; 
30; 31; 
33; 103; 
34; 104; 
35; 151; 
36; 62; 
38; 59; 
39; 58; 
40; 117; 
41; 155; 
42; 43; 
44; 45; 
46; 47; 
48; 139; 
49; 149; 
50; 96; 
51; 189; 
52; 190; 
53; 121; 
54; 56; 
55; 118; 
60; 184; 61; 
63; 102; 
64; 66; 
65; 67; 
68; 198; 231; 230; 145; 
69; 70; 
75; 128; 
76; 125; 
77; 129; 
79; 126; 
82; 84; 
85; 205; 
87; 206; 
88; 89; 
93; 94; 
95; 138; 
98; 105; 
101; 116; 
108; 200; 
109; 209; 229; 
110; 216; 
112; 127; 
114; 171; 217; 
115; 222; 
120; 219; 
122; 170; 
123; 147; 
124; 132; 134; 135; 131; 
133; 162; 146; 
140; 148; 
141; 223; 
142; 172; 
143; 163; 
150; 224; 
152; 161; 
153; 167; 
154; 165; 
156; 158; 
157; 234; 
159; 214; 
160; 188; 
164; 169; 
166; 211; 
168; 173; 
174; 218; 
175; 185; 
176; 208; 
177; 207; 
178; 180; 
179; 226; 
181; 195; 
182; 204; 
183; 235; 
186; 191; 
187; 193; 
192; 221; 
194; 210; 
196; 197; 
201; 225; 
202; 220; 
203; 233; 
212; 215; 
213; 227; 
228; 232; 
Recursion step 3:
Partitions:
0; 1; 
2; 40; 
3; 5; 
4; 17; 
6; 7; 
8; 54; 
9; 12; 53; 
10; 52; 
11; 59; 
13; 18; 
14; 19; 
15; 20; 
16; 62; 29; 
21; 56; 23; 
22; 32; 
24; 28; 
25; 26; 
27; 75; 
30; 44; 
31; 33; 
34; 90; 57; 
35; 51; 
36; 42; 
37; 100; 
38; 86; 
39; 45; 
41; 93; 
43; 99; 
46; 101; 
47; 63; 
48; 49; 
50; 74; 
55; 67; 
58; 66; 
60; 83; 
61; 92; 
64; 65; 
68; 106; 
69; 76; 
70; 91; 
71; 87; 
72; 82; 
73; 104; 
77; 81; 
78; 80; 
79; 105; 
84; 109; 
85; 103; 
88; 94; 
89; 95; 
96; 108; 
97; 98; 
102; 107; 
Recursion step 4:
Partitions:
0; 18; 29; 
1; 19; 
2; 12; 
3; 4; 
5; 11; 
6; 10; 
7; 16; 
8; 33; 
9; 32; 
13; 22; 
14; 25; 
15; 17; 
20; 21; 
23; 27; 
24; 52; 
26; 50; 
28; 38; 
30; 31; 
34; 47; 
35; 46; 
36; 48; 
37; 43; 
39; 51; 
40; 49; 
41; 42; 
44; 45; 
Recursion step 5:
Partitions:
0; 13; 
1; 12; 
2; 8; 
3; 4; 
5; 6; 
7; 20; 
9; 22; 
10; 11; 
14; 19; 
15; 16; 
17; 18; 
21; 25; 
23; 24; 
Recursion step 6:
