10 16
0 3689 5406 7033 295 2349 9648 7508 1768 3634 503 9336 2038 4270 7923 727 
5190 0 2724 3773 1859 6545 5863 7043 1067 5817 3844 2882 7361 389 4003 3666 
9540 7692 0 5424 2925 7987 7774 8925 1847 5894 2559 8702 1582 950 2972 5857 
1677 4514 4933 0 5450 6373 1478 1313 9769 8898 3482 3613 1780 7195 354 5783 
862 9894 9827 6286 0 9171 7814 412 8096 6014 2658 7007 4716 593 7957 4041 
2802 5986 8555 7736 1437 0 4929 9214 9102 4698 8112 2585 4663 6244 9780 5017 
8379 6994 1263 8206 9633 6786 0 2373 6397 1234 8387 9056 8241 9455 6001 2551 
3496 8803 8537 8404 6539 9974 9685 0 2106 5429 735 218 8014 5398 2815 4146 
415 1194 7493 8030 5753 7126 4816 8126 0 9875 6050 2865 5283 643 2320 1284 
3194 2169 88 8084 573 2979 4410 258 5085 0 9839 993 1656 4205 2743 4471 
8352 9510 2017 5845 7540 7770 9323 8708 2248 9198 0 1110 5113 834 8105 3786 
2118 7652 5955 8558 5736 2880 1538 146 9490 2975 9986 0 6835 4631 4191 9578 
5454 8895 9088 7472 1092 2980 1594 6767 8040 195 2318 9150 0 5308 3152 7255 
5446 5270 4907 7753 181 6995 633 1719 7142 6475 4694 3480 3310 0 5678 4023 
2888 1132 9271 8328 4956 363 7660 2903 3483 5700 3098 5801 4850 4758 0 5305 
8458 205 575 9717 7958 7108 6713 4944 5179 207 1419 6226 39 4730 1904 0 

0 414 3970 3036 9685 8651 4345 6401 6311 7248 6236 2012 346 2037 3214 1456 
7342 0 8024 1661 4269 7742 9620 7730 807 4564 2909 7366 5983 9135 7405 7065 
1039 4171 0 1036 428 3857 9687 4773 6610 2350 8373 2846 4362 5071 1235 3929 
6527 4929 1953 0 8189 5550 6047 4161 3280 6854 5077 6190 572 7412 5325 7977 
4478 2717 2149 1866 0 3145 2358 7905 4270 5320 255 8995 8166 970 4066 5753 
4899 593 682 3204 5134 0 6232 9252 5647 5865 2458 724 2055 3031 8137 3732 
7360 8967 6449 5861 7185 5946 0 4571 5090 216 9891 5345 9211 4409 6315 9629 
162 1214 6575 7196 4419 1709 3429 0 23 7357 9294 2481 4433 7701 1864 8922 
1433 9225 4241 7883 5086 1426 3829 6010 0 6516 398 5901 1862 5961 311 4529 
5591 473 2096 2166 7670 2867 227 7451 2890 0 3936 3097 1723 4722 798 3588 
3644 2231 9165 7886 6466 603 9312 6648 6613 2181 0 7046 2515 4043 3007 9178 
4924 4950 9651 7020 3468 3673 6239 48 7476 9129 3984 0 573 7205 8706 7723 
7145 8703 6307 6310 2941 2773 3265 8605 9421 9879 786 2819 0 8746 1181 5827 
7924 6106 7129 3927 9478 598 3953 5718 646 1429 1199 982 8355 0 8404 6041 
6078 1901 1096 2385 8211 4037 1511 7829 2642 932 4060 3429 3752 2806 0 4610 
5931 7082 7068 3060 1009 6547 10 1314 8617 7008 2744 9816 4343 1099 4573 0 

0 384 3529 2826 1480 5915 7390 1869 7426 5219 863 4710 9279 4292 4814 8437 
5255 0 745 5519 8675 158 2880 1574 6520 4195 6543 3529 3291 2712 7872 4390 
7285 4608 0 4271 6463 2440 186 3853 4309 3964 9072 5172 8675 4703 5817 3489 
3140 7424 587 0 8659 2451 7097 7892 4026 3617 2087 569 7146 5378 3281 1370 
6120 6918 5978 391 0 3382 8418 6930 7235 9079 894 2660 604 5921 7363 2773 
5763 504 6549 2702 5515 0 9000 9799 3407 9378 3416 1846 6300 6915 7224 5933 
8285 9696 2852 616 6440 2586 0 5386 3370 6173 4466 616 5185 1422 2890 2549 
4195 5005 9405 7096 7707 4920 6096 0 7506 8328 1827 7274 174 8127 4189 3751 
4060 8827 9799 3264 9443 6239 2202 4829 0 5961 8376 5647 2930 3561 3421 5820 
2462 7616 825 1867 4712 4884 6788 7161 8742 0 1468 8988 6016 7994 3467 6558 
8097 7527 5385 7897 7144 1180 488 9346 2361 2802 0 4074 8009 5732 7636 1430 
7904 6450 5399 5081 8318 6463 9965 1458 9976 8707 2926 0 5316 1075 7272 8783 
3985 5370 2663 5722 9619 9807 6902 6459 9153 5616 9261 3228 0 3625 4993 7216 
1407 2897 3666 3158 4330 1984 9622 4295 9794 5950 9354 9072 1267 0 6782 6345 
50 7119 8067 2713 2842 7686 2520 6096 4145 8026 1712 9759 1254 1689 0 4752 
4822 9449 4002 8488 2607 4684 6825 8581 8980 6619 4532 4686 5692 5799 7820 0 

0 8389 2201 4940 6456 1267 7782 494 139 230 991 8165 1943 750 5771 9984 
1855 0 593 9433 2209 5434 2041 6893 8611 6974 2225 1582 1506 3264 3626 3657 
1084 2015 0 2211 6024 4823 3478 158 1669 3617 389 2661 8135 2332 9763 3906 
8668 7970 852 0 8102 179 2638 143 3425 1249 7117 5650 2831 4976 8914 6458 
4985 9999 4825 7196 0 2375 9649 674 2534 1318 644 2923 331 8779 1607 6447 
9037 275 4417 6241 8377 0 4597 8879 4872 4374 6480 8342 24 5664 9670 5291 
2122 4655 1642 3299 1852 369 0 2948 2526 2903 619 3170 5826 7302 8301 7433 
3749 7339 4061 8167 3580 2438 9116 0 8812 3663 3490 5292 8357 9866 956 8027 
1509 9430 2682 9503 2730 4534 9873 2030 0 3413 2776 9001 2935 4955 2656 1237 
8740 6405 8576 2801 924 8508 1592 40 3672 0 5255 9882 5317 3612 6101 2625 
7991 7610 2056 673 7114 1138 5208 3339 9520 4973 0 6115 8522 7908 7422 1178 
9145 6163 3935 4073 5316 4860 8934 6908 1252 2606 8515 0 7487 4275 8479 3588 
6901 6470 1198 5309 3496 4664 2799 5056 4355 2319 29 6823 0 7193 7937 4245 
4723 3435 6760 8659 7508 2077 9871 2794 5337 7475 1753 3853 4962 0 6028 8684 
8550 2929 5155 6101 8238 5003 7117 7389 59 1473 9709 88 8296 6902 0 8025 
2541 7978 7812 9302 2989 5321 7731 2860 4467 3068 6687 6220 3273 1650 2249 0 

0 1958 200 5178 3465 2653 9769 8468 9771 7158 8527 1244 3219 8615 5892 6474 
2992 0 4785 4452 805 439 7441 2478 8170 6653 6945 1239 9692 3166 864 1342 
1767 2822 0 7895 6945 2639 548 3066 1107 6671 6577 5986 4267 6148 953 159 
2622 3946 4945 0 3426 1103 5384 7219 9933 9907 224 3230 7498 9917 2748 8362 
1259 4515 7537 5506 0 7813 176 6055 879 7636 9078 3808 3622 3346 6309 4576 
3505 5283 4874 4802 8710 0 2329 6539 2281 8614 6446 2506 1844 296 8775 4593 
5010 6386 9108 2547 1893 6921 0 2724 4300 4153 6712 3378 4313 334 6724 622 
1262 6582 5906 2488 7736 968 4817 0 4275 3249 9783 7073 2107 1628 3721 882 
6221 8732 7269 1681 1279 9162 8603 355 0 9814 9108 7067 3192 3421 3754 6269 
4044 5016 9203 6302 3857 6939 7270 5026 7567 0 6871 4810 4640 8979 6438 8362 
9861 9011 3446 7130 692 4725 2644 9295 5081 2458 0 8403 8500 2003 8177 2254 
8272 8573 3623 7475 4875 7480 766 8497 2506 8333 5368 0 7316 9326 4347 3754 
4040 561 2765 7486 4043 9810 2211 6688 5457 3644 5498 213 0 2145 7501 8390 
751 2125 6963 4374 5952 8190 1854 6719 6687 713 1404 2055 8029 0 730 2755 
8136 4770 3316 7253 2256 3711 7063 820 6751 2521 816 2250 2734 9313 0 6103 
7476 65 8229 4439 791 533 2629 2646 3604 5668 3359 5009 7723 7740 5739 0 

0 6830 5876 6862 6498 3130 5470 210 6545 2642 6961 9066 3459 9211 8152 2772 
1667 0 5628 9189 6248 6419 9981 6781 5400 8979 386 1068 8690 5395 8792 6430 
7486 1974 0 8659 700 8473 8141 6171 8683 4686 8813 5644 105 8624 1208 4609 
1397 2875 238 0 6938 9123 3009 6919 5904 8410 5898 2642 9478 4588 8037 4622 
1019 1876 6597 9678 0 2576 5070 7819 8747 3753 8857 3913 5749 8962 8889 6957 
3572 6638 9832 162 3577 0 8955 3171 496 1212 7933 6395 3854 7412 983 8244 
2034 8354 6472 4983 4384 9048 0 53 8555 4148 158 7413 4413 5908 2727 3302 
2865 2651 9941 9050 2813 3518 4357 0 2337 366 1921 270 6761 2128 4034 4097 
372 2421 8803 3196 7404 3188 2244 7458 0 1743 2744 3968 5508 7157 9876 8236 
6812 9094 887 3105 8144 53 6623 8853 8742 0 3341 775 5364 103 2903 9399 
552 9627 1820 9355 2823 9224 8895 1419 3034 6991 0 4164 7003 2499 7673 6879 
7087 837 2325 4327 3942 6821 732 6917 5675 9474 259 0 6450 4838 6714 5705 
4237 7266 5332 2409 2973 4507 1634 1869 5926 1020 8860 6442 0 8023 7711 468 
1255 1151 7657 3580 5478 1600 6754 2562 4869 2429 2036 5128 5231 0 3226 8194 
936 3816 5460 2620 6225 4786 3479 4211 3007 5757 5232 1867 2200 3255 0 5930 
9020 862 7081 6677 4443 8911 4629 7549 1473 9499 9978 9861 979 1561 9440 0 

0 9174 8849 3256 4634 1469 9481 5772 1300 45 8779 7057 5277 6998 9257 4884 
2929 0 4629 5747 6362 1307 6542 1626 5936 4091 9451 1787 421 5665 2767 1982 
5105 1941 0 831 8361 2927 8652 4194 8700 9952 4239 7479 7009 5868 830 2619 
7105 3759 3600 0 2852 6473 1259 5746 4451 3548 6189 255 5335 6610 5920 8102 
8592 1025 6395 5775 0 5738 9323 4427 6284 4375 731 6876 8206 4092 2744 9036 
3063 9849 9147 6664 9053 0 5621 7923 4799 6424 1471 988 6679 3159 3950 2599 
1261 8894 9976 7657 4669 2066 0 3332 5448 8351 7707 2531 5227 5913 6624 4323 
4950 6039 4173 449 9055 9578 6070 0 6979 730 8847 4802 8070 5526 7961 2021 
4478 5575 915 4454 9584 1937 2873 2916 0 3737 1224 6975 6269 6451 2888 9245 
7126 4190 5284 7651 4640 4340 7230 7062 7671 0 7960 5909 8825 2382 7788 6787 
755 2266 8714 1671 3072 8298 9960 2297 1214 3697 0 3521 4541 6318 6324 7429 
5563 3451 7972 7200 1102 8964 7892 8332 2378 5563 2644 0 4640 740 1379 2428 
3879 2134 1046 2593 157 470 891 117 2768 8457 167 2641 0 2998 6485 8966 
6780 2049 8769 1104 9249 9871 68 3493 4556 8798 9056 3552 3438 0 6148 4931 
2218 28 7066 9616 2621 7223 87 3513 3693 9207 8322 3860 8200 1321 0 345 
7166 4453 8746 5935 5557 4347 2159 1977 7840 6715 775 3248 6619 566 9397 0 

0 1551 2784 9425 4969 2401 2046 2192 8840 1911 2237 4399 234 6097 2599 7907 
2795 0 9766 8712 7893 2053 4269 2241 564 2598 6433 3631 9725 9682 251 291 
5431 1802 0 3076 4856 6771 1829 3254 5315 669 1518 7553 5068 8104 2 7667 
6011 9149 3785 0 4723 7043 2191 5344 5636 2755 4294 2069 6387 4019 8103 6638 
4311 3534 4792 3739 0 4742 7915 5568 4349 9582 2589 5867 3487 7657 3971 9842 
1676 6334 8991 5462 7409 0 2386 7653 9105 8022 6760 3399 6444 9499 7418 899 
2489 8081 786 7281 8172 5528 0 1548 92 6229 1131 2681 2096 970 338 2419 
812 2015 8753 9804 3829 6162 8542 0 7834 5267 6565 4594 5018 9361 4094 8789 
260 6583 3222 1046 217 1395 2927 1765 0 1487 5508 9248 4169 7605 219 859 
6376 1031 9226 5130 7187 3055 7644 2082 889 0 9264 4999 1836 634 4360 2282 
9423 972 5217 2646 8371 5434 393 7650 3552 1880 0 3158 9152 2401 763 5723 
3261 3492 3107 8839 4974 294 1895 8970 2376 9136 4586 0 7375 972 5221 8087 
9606 4644 9060 4824 3642 3783 6610 4035 1433 6514 2268 4591 0 5667 4669 1707 
1390 4282 5199 4497 3122 173 1144 1369 5495 9872 505 82 3600 0 7830 5303 
8039 7436 6299 3451 8612 9942 7234 5223 3977 8667 1737 6245 9611 3756 0 7267 
1318 1499 1549 2869 5996 1023 9394 3492 8744 4889 9717 9250 4971 3317 3432 0 

0 6626 7708 7220 2926 1160 5833 9220 8394 7408 3197 3414 5497 5795 3025 5606 
9414 0 695 7105 7315 3564 9453 8339 9310 2946 7083 4199 9015 2685 5523 2332 
2469 2149 0 40 9690 1427 7552 1875 647 5947 5635 197 5713 1132 5992 8738 
6738 1758 9433 0 195 9073 9349 9649 7412 8659 8947 848 9210 7962 9885 4733 
6646 2355 3235 6686 0 8397 4662 591 6624 5310 6538 2259 5507 2251 3391 7851 
7341 6482 9609 3126 6677 0 8682 2475 2678 2447 7486 1625 9647 6696 9587 5884 
7782 6233 8239 1017 9272 2988 0 5679 9863 9612 989 2753 1871 2848 1356 1615 
699 8697 8097 308 1823 1126 5343 0 650 3805 7790 4488 5430 3789 1184 1370 
9673 8966 3955 4265 9983 9579 7253 2015 0 9442 3218 3004 8547 5089 5853 9903 
6704 2904 4952 1153 9565 6775 8632 4908 3777 0 2437 9050 8265 4219 2839 5802 
1941 2512 1120 5897 3129 7456 5476 383 9471 1271 0 9953 8827 9818 5042 4680 
6074 8099 3937 1026 5604 3502 7802 4236 8410 7931 3025 0 7460 2549 7245 6651 
8351 9186 5515 9471 1435 8645 3279 6912 5380 2750 8183 5333 0 1578 4353 6727 
2610 427 1178 6547 1454 6783 49 5608 7371 4811 3539 397 8623 0 6088 3994 
5274 791 9532 7142 263 968 5787 9894 4232 7519 2645 8767 9204 575 0 3120 
2283 3185 3548 3462 6085 1354 6597 6134 6962 3968 7298 6853 717 5921 2942 0 

0 1063 1196 3733 596 4690 348 7916 477 243 2148 4348 9240 7267 3552 9815 
387 0 2187 3000 287 5649 5437 7993 2246 7924 4955 2567 5222 1809 9636 1143 
1103 700 0 8691 4836 7648 3381 1537 5564 210 1780 4064 910 1020 1331 814 
7187 8070 3002 0 6539 4710 8651 1977 2703 7250 9901 7659 9817 1475 5820 5805 
8970 6923 6505 7662 0 8111 4153 7395 9648 9717 3958 7780 133 4868 5152 7816 
5683 2339 5887 8685 8879 0 6949 3688 7208 9652 938 7109 3663 7107 4936 5835 
2913 3906 2758 9418 7920 7222 0 9924 5316 6870 5993 5626 4651 6127 494 6155 
3943 2529 8495 6182 1214 3726 9483 0 4903 934 5488 2193 4395 9151 5653 9331 
1339 8566 9589 449 4336 7510 7671 4260 0 9178 4542 254 4804 5545 2733 5298 
1700 3028 7828 6547 5563 5394 273 5046 6649 0 7559 534 5195 1954 6038 848 
7637 7377 9414 7227 7826 102 4737 1850 4363 3915 0 2744 969 8719 8289 3702 
369 6341 6730 4549 9241 2293 6296 5866 3692 2945 3426 0 4226 8140 1732 6616 
8988 9370 345 4754 2949 4524 4857 7686 6374 5572 7953 9118 0 6541 3024 3759 
6595 9745 6452 3325 4295 5693 1971 591 1560 2015 9888 1338 6241 0 8029 3070 
9210 3369 8792 9555 4476 1741 4079 5685 5779 6805 1257 84 5923 4150 0 3108 
6034 745 2854 2487 422 3501 4532 8745 4092 2444 760 3980 3782 3354 8361 0 

