10 17
0 336 3249 9692 9602 5578 1080 9334 4471 4039 9175 3199 4091 689 1168 8320 7224 
3953 0 3118 4809 3425 5528 6637 5124 588 5332 1334 7266 4942 2201 5104 7714 2537 
4705 3759 0 2139 6635 1191 7826 1106 5231 3353 658 9322 4042 1826 3994 1266 5780 
7112 6075 9205 0 2640 9065 681 9580 4397 2015 3198 9339 569 8303 3406 3106 3008 
3517 1598 9644 4708 0 9424 7102 9939 2777 7760 5613 3171 5939 5959 789 1719 3071 
3217 7276 2063 2282 7957 0 1643 6679 9972 4842 2370 541 9497 5776 0 8857 5645 
7950 4853 354 3726 1956 6645 0 2855 6068 8611 6026 2007 4570 6815 78 7642 6384 
7354 6057 8666 1663 4053 5345 7988 0 8895 7716 4881 4744 9844 4881 3601 5490 9183 
8455 2196 9261 6763 5193 2116 9183 3804 0 4494 1191 8375 7662 7621 2369 4046 1328 
4778 2713 2991 8831 4410 979 4078 2126 5861 0 8822 8323 7094 8776 165 2630 3583 
2361 1891 346 3906 4008 9529 7711 4854 7072 2438 0 2516 4694 1159 6563 2374 5937 
5628 5365 1121 38 2697 5199 8517 4910 374 6840 2004 0 9150 3357 4634 9085 2070 
2878 9431 5976 6886 5312 3687 1740 8737 2477 609 9783 3636 0 3524 2157 5926 9152 
3874 7047 5542 6571 2246 4059 1481 8972 7251 9838 4474 608 4472 0 3559 2678 3702 
9342 8655 588 1007 8694 8681 9744 1172 9290 9527 4808 9166 8036 734 0 8318 1910 
7781 3860 8482 6380 4272 6315 5352 1523 6153 9827 2132 6978 3386 1162 680 0 9081 
9817 7621 88 8512 6302 9832 6036 1944 5711 844 1110 99 7931 5780 2009 2064 0 

0 5992 6843 8444 264 3159 149 1788 5664 6328 272 2642 6066 1434 9675 5147 7604 
7296 0 5235 2468 9950 1419 8504 8246 3482 5700 5708 3581 3631 1488 5591 2048 7480 
8786 6844 0 4097 8297 6993 5885 3962 3321 2509 2956 5740 3943 2631 887 1547 6279 
6123 4015 6229 0 3894 8871 4475 7377 4572 183 958 4555 8023 2901 6603 1856 1688 
3448 5953 6337 6793 0 8190 299 6467 699 9608 2207 994 2239 3094 8894 8519 5569 
9261 1100 9464 8133 5576 0 3193 9057 2111 4151 3612 6487 3405 6568 4695 1445 16 
7000 7782 3161 5190 4434 9628 0 2241 4042 1835 9587 2633 4930 8481 7504 6851 7743 
8605 2667 2228 533 5860 1285 8996 0 6364 1249 5483 9769 7817 6530 7566 4185 3530 
5348 7347 5072 6134 3327 7313 6528 5163 0 6901 9162 6445 1734 6666 3296 5829 1623 
2316 8057 8508 8176 5694 7505 892 3296 9340 0 7013 7465 5871 4579 1651 9401 6280 
5350 4474 8766 8677 8139 5295 192 1392 4457 2989 0 3127 7475 2638 8956 5451 4954 
3366 3959 9482 5412 1464 375 8708 7157 7388 6174 3028 0 8320 4177 8781 952 5879 
9607 9718 908 7747 5013 1101 9139 5822 4090 8618 9650 6728 0 3927 5101 8034 3645 
9060 7517 9057 6877 4244 4118 4034 7984 6644 3414 6304 7173 2195 0 3608 3052 1803 
3327 3960 5902 4692 1413 1393 515 1856 12 165 4936 3939 1618 9323 0 7584 7030 
6840 2993 3907 1084 7111 4293 9068 107 4059 1725 7280 2607 5333 332 762 0 5012 
645 6664 9705 8410 8057 6572 6618 4421 3089 7907 4712 4707 7230 8648 1737 422 0 

0 1642 1997 1506 5105 2642 6926 5213 6702 5003 2493 5661 6689 9178 6423 1701 6175 
3087 0 7758 937 7496 682 3908 8270 3771 1815 2982 8478 5397 1631 6568 5819 3273 
4917 7325 0 4730 3911 603 9943 6965 5607 8789 2626 8648 4319 9049 349 6846 8488 
4460 4135 2337 0 5142 8043 607 5266 9858 9941 3744 5255 1572 6664 1074 1197 7933 
4751 5928 8197 1707 0 5871 5162 3666 1012 7789 2314 5331 3190 9015 2177 8031 3475 
6313 6720 4970 708 3679 0 236 6919 3620 332 2174 5193 3349 9601 6390 1282 704 
2318 9479 2411 4542 994 6077 0 5554 5135 8391 7238 4677 3759 5767 9060 7234 8432 
5780 8556 9141 5811 8792 6060 9432 0 5477 4586 977 8826 539 7367 6460 7596 6038 
2292 7 580 3286 2437 2486 4773 7180 0 9724 9450 939 1844 8511 4526 276 643 
3082 9417 6455 8227 1829 5887 3704 2768 6864 0 8882 3307 583 5342 903 2973 7634 
7263 9905 7272 6052 2392 2045 3232 8468 7848 524 0 312 6359 1402 6941 7002 836 
2710 9809 9063 4540 5696 9119 7308 8912 8001 6967 5848 0 9696 7871 8821 3682 1486 
8727 955 7538 7471 9352 7122 2291 7200 3998 2604 9911 5400 0 5897 3266 6237 8607 
3075 1652 3147 5124 772 6807 388 5125 3775 6236 4821 7998 1410 0 8504 5836 137 
5811 3374 3960 5163 6848 6251 8716 7199 5207 4979 2599 1104 8245 5188 0 9712 7673 
6841 9211 9149 3965 2371 9537 9090 2498 2126 264 496 3536 8768 2684 25 0 4579 
2410 3985 6094 9258 6588 1162 6457 1796 6142 5409 2900 739 6949 8964 4764 142 0 

0 4528 3913 4107 6899 9803 9550 9397 1929 9814 6245 1817 4934 5281 8194 5865 7691 
8531 0 1959 3301 5119 9474 6111 6915 1968 1520 6168 2707 8469 1484 3824 4964 2364 
7737 9071 0 9263 3892 4973 5012 2173 1139 7609 3990 6073 2890 8536 1938 581 7067 
250 235 2187 0 6076 6346 5454 8044 7866 7974 7103 2687 5811 927 7651 8175 5017 
3075 3791 8909 4400 0 8803 1083 5540 2765 1425 7965 5655 9962 6256 2589 3381 2858 
9176 1920 8934 5522 7375 0 6978 9740 1701 4081 8779 3864 1361 2783 2040 6378 5858 
5831 5287 6610 986 2722 8502 0 3751 4148 2820 5759 462 5428 4700 3843 8286 3876 
2116 3572 9398 9491 6902 9138 7544 0 7335 7917 1409 8696 7052 3449 5074 2910 5632 
6714 5873 6618 9436 4375 6722 9936 3547 0 8833 6750 8975 3533 6946 7261 3761 9062 
7185 9511 4905 4087 5001 2449 7775 9270 210 0 6471 6323 11 7898 5585 5643 4612 
1458 8614 400 2186 1688 6689 5733 521 9791 1061 0 406 6737 8322 4167 2151 1860 
30 7056 2299 5031 5858 74 4301 2420 2898 624 2432 0 796 2562 4427 1760 4020 
9393 8512 2558 1081 5201 4644 7954 4993 5705 8360 8082 4027 0 8879 234 2239 8909 
3642 4539 292 5852 965 4594 8273 3863 1570 705 4659 4132 1484 0 2771 4505 878 
1284 7063 8311 2837 1707 6266 4182 7412 978 2265 7792 6210 8851 6383 0 1471 2493 
922 1764 8346 1888 2710 2971 2103 632 3676 6763 1117 1512 5886 5622 2390 0 7170 
9037 7054 6360 745 3320 542 4509 650 2807 8653 3212 8010 5037 1036 6856 2311 0 

0 2800 1554 4199 1862 4525 6303 2494 4553 9418 9963 6065 1656 5585 4808 5179 4623 
1862 0 1539 1720 1534 2081 2581 8536 1241 1235 1749 5603 6272 2785 2459 8583 1937 
4013 9135 0 151 8538 1790 8997 9443 7560 8961 5509 9216 4546 317 4395 5521 8531 
2286 3593 65 0 4368 6175 8601 1961 7410 350 7564 34 9487 24 4969 1424 389 
4104 1575 5280 2246 0 573 4723 6158 5886 6584 5375 432 3253 6122 2306 1784 8409 
5899 1849 9129 2074 6803 0 7442 9484 3505 5006 5870 2993 1382 840 769 8124 1296 
8697 3404 3543 5622 4479 9701 0 1508 1064 1428 8292 669 3903 598 2454 8664 2850 
655 7793 4924 3810 1587 761 7316 0 2945 6631 6661 4328 3823 7430 2452 5120 2479 
2208 8663 4453 6687 4716 5961 4103 6145 0 606 4773 6400 7556 3579 5064 406 586 
9209 5331 749 796 2444 8065 3741 5427 4726 0 4421 9251 8508 3225 4371 7340 5433 
3034 1793 8473 4102 4107 2576 6599 4713 3701 2999 0 8621 3632 8063 9028 571 7272 
711 1320 4420 3155 9385 8162 8582 463 8935 7833 5323 0 2161 2204 9015 7594 1590 
7161 6067 5693 1268 4996 8644 2333 8697 1644 954 8682 9707 0 6334 9253 3332 7045 
573 7752 200 6310 2266 5135 3125 1202 2968 4800 3363 1525 168 0 7309 9467 7329 
3377 1512 8597 8373 157 7282 3422 1801 4588 8456 7860 923 7709 1192 0 4320 4634 
5297 4521 7296 3915 6008 421 1469 5328 1574 4832 3205 1742 2142 2673 5423 0 1871 
4185 4020 6596 694 7654 6370 8847 8594 4827 6708 9517 8888 4252 3838 3523 5901 0 

0 4711 819 9817 719 7593 1286 2399 5519 2471 5605 3613 965 8278 9036 2836 8815 
9408 0 5784 5862 7062 2154 4709 5656 3333 1417 1526 2222 2022 1716 5745 7923 6427 
2916 7740 0 3498 6861 5379 2249 2380 7850 7854 5993 8815 2484 5029 1651 7652 4437 
3787 3514 7851 0 5941 4575 9860 9275 5993 7738 7849 4367 9454 3594 2290 2233 2862 
6383 2083 9724 1762 0 4332 2104 9612 8539 4450 8427 1023 5831 6430 8675 6621 217 
8541 4472 2510 3117 684 0 8137 5462 8422 5986 9829 7876 5932 8471 109 5147 4854 
8544 4871 6616 2877 3327 2580 0 1416 4129 7359 8791 9961 141 3819 6582 6710 2360 
7406 9221 1829 8091 3710 3643 6513 0 6049 9824 742 8333 8296 7203 3480 9502 5748 
8351 2471 4977 8031 5051 2745 2160 2411 0 1536 8473 2552 5355 5055 9263 4068 8814 
4836 2249 6905 4898 2245 9770 947 2069 6864 0 9281 6717 4068 9113 2572 6168 3817 
5043 1145 1848 6446 3890 360 5209 1778 8834 4114 0 7134 241 3377 7554 9055 4565 
6155 2312 9463 8400 8435 6763 470 5299 2396 3539 5719 0 1509 6111 1887 5326 7506 
3032 3526 3953 3274 3887 9162 5053 9073 3276 8539 9314 3005 0 6093 4722 3922 8600 
7034 9738 7001 1821 6501 3823 7121 8897 7362 2840 6758 9826 4728 0 2085 7332 4112 
1963 1285 7387 5850 6800 8792 4923 76 7331 590 3082 9776 5312 7004 0 8376 8698 
6742 1729 520 9595 5552 3993 4844 9267 6833 1603 9093 7913 40 6425 8378 0 8355 
4063 2117 4206 863 909 5481 7291 4592 2423 6725 720 4087 3730 9096 9138 6824 0 

0 7178 9658 2772 2730 3 7616 1997 3188 5571 1090 1102 1963 3868 9480 319 4283 
1597 0 877 1498 8858 6358 8789 3450 5134 1867 4170 9221 1949 9618 8359 8773 6796 
4369 7897 0 5879 4372 5514 7876 7561 7437 5319 5015 9401 5539 847 6072 6174 8796 
6949 7672 7654 0 9659 2813 7456 4793 4680 7978 4015 2981 3948 8726 1755 7097 3096 
6004 2976 7468 1518 0 7204 1381 5308 2523 2748 1061 4414 9947 7133 588 8743 434 
4612 2749 93 3778 205 0 1239 4810 4535 5254 7792 8484 3980 5899 5581 3428 1903 
8557 7249 9774 2113 4982 5082 0 989 7731 6143 5403 7678 9628 2344 2774 62 6956 
5523 6507 7086 2081 7746 1897 6616 0 9352 9689 5100 9685 1940 7033 3113 3843 5590 
6714 3617 7704 1697 8699 5045 9428 1194 0 448 3458 822 2792 6232 7236 6101 1756 
3744 3187 189 7842 5084 6805 7195 1125 8258 0 3232 3065 5291 6345 6909 7234 3060 
6878 1290 4757 1930 6335 537 3124 6783 3995 299 0 5928 6580 3887 2029 4688 7631 
1568 4877 5474 6653 8034 9021 4130 6292 2253 3548 1584 0 4950 457 8818 4362 3687 
108 5471 5617 6443 6008 5094 9578 6356 1745 5506 9288 5632 0 3887 3976 9616 5456 
5205 1442 8461 3239 463 2591 9532 9068 6139 7468 4018 2948 2638 0 4733 2988 2746 
204 8605 5541 2565 51 1471 8921 8148 6978 8209 133 7217 8537 9749 0 2673 3742 
7543 1134 3333 8006 78 2865 3426 6217 6685 3796 5518 9323 8529 8506 2069 0 8734 
3463 3962 1299 9867 5434 6572 8015 8764 1133 8148 5981 9670 4249 5007 9764 1792 0 

0 2493 3097 6150 2571 2315 9576 5141 9000 9725 7011 8324 8254 5517 6745 3340 5332 
708 0 991 5199 2494 7563 9567 7610 8696 4067 9943 4718 8317 4950 834 6461 3796 
3932 2612 0 6367 6247 8540 7860 1599 8265 1223 9923 2872 6740 6669 6212 8425 3729 
7204 9976 6223 0 1119 9543 3833 6168 3611 3776 886 8280 5079 8073 4741 8875 2005 
3705 1594 4604 8598 0 9455 6203 3215 678 2479 6087 3771 9148 8652 8548 9229 2208 
8524 5452 3327 8068 5637 0 5847 8031 9413 3086 2663 844 1159 7404 9719 9516 7462 
1314 472 6060 7121 3027 9275 0 4151 5506 1715 4274 1006 6719 2822 235 8927 1347 
2039 8606 5767 7676 4454 150 3442 0 3892 2813 4286 5051 6569 358 4567 383 8024 
5039 6443 5145 8066 2071 5648 9925 138 0 6275 931 6857 9097 7519 5784 6796 9558 
742 8915 3587 1548 5417 7029 5440 8230 7667 0 491 1152 8025 1410 1535 6049 2801 
4331 7546 7220 2754 9547 7145 2892 5822 4428 6101 0 1271 1947 8237 8068 7858 8979 
3335 1445 528 8753 4826 2320 3335 2493 9164 4487 6871 0 574 2375 2920 9728 3058 
6819 6948 5812 2718 445 5056 8540 1225 1157 9811 9525 9394 0 4231 7383 4725 3919 
5180 1605 2672 6 3926 2359 2499 9442 3199 9370 6368 5574 8643 0 6096 4984 1814 
9396 7148 4532 6193 2204 9424 7419 9713 5587 3296 5459 9819 7031 184 0 90 8563 
8142 9114 8569 8420 1473 7420 7862 4672 3143 4230 6598 8138 6679 1582 9952 0 6075 
5082 836 8621 3638 260 2392 3351 5847 5688 5162 2018 9071 5347 2108 7634 9841 0 

0 1222 6203 8261 2696 9975 2475 3720 3118 6705 6671 1256 3384 4605 7560 5812 9688 
8396 0 4433 3326 5008 6825 3030 7208 8865 8192 9226 7936 9891 7687 5570 9732 5261 
8125 4345 0 7957 8100 6820 8030 7571 3526 4701 5179 3262 5658 2740 5426 5346 7488 
9859 5025 8849 0 3036 8055 6057 1901 6247 1635 6189 6139 9322 8111 2223 4584 6236 
6569 8893 689 9741 0 3275 8260 3267 4328 3439 2882 9987 2531 8308 5333 20 4520 
358 8869 7556 4765 1278 0 5810 1013 2913 1999 3504 8588 111 5727 3172 2699 8648 
8417 3388 8390 1693 8000 8009 0 6021 1440 891 2360 3971 5552 7694 343 72 4404 
5564 3980 9170 6842 9790 6535 9756 0 8142 39 8344 4605 2118 7868 7304 767 2637 
7045 5509 682 5045 3518 3056 2837 762 0 5416 3161 2666 9462 3504 2738 219 9069 
3070 9389 2263 9213 2276 8371 7355 2315 3067 0 8312 785 7287 5616 7904 9925 9013 
3413 607 4059 3284 15 3248 4046 5432 6409 6712 0 1246 6266 5802 1465 1687 8872 
7206 3950 4437 9482 2322 1792 8149 1741 104 8935 9029 0 2073 6839 8954 7438 6605 
5913 7849 9889 5929 1098 3935 7713 3859 6999 8959 125 2801 0 425 1812 8025 7631 
2115 2463 7114 789 607 5263 2530 7064 550 1559 5489 3742 6865 0 2927 347 2779 
777 236 5060 8227 523 2773 2086 7522 1732 2212 6675 2157 376 1052 0 6141 8843 
9867 3255 9632 6827 4870 8515 3891 1773 74 5732 5515 3292 5011 5862 6071 0 5788 
6098 1131 367 6621 256 2454 495 1988 1018 7170 498 1394 4574 6639 238 4442 0 

0 6246 6222 1269 7468 4737 1512 9241 1164 3596 4756 4456 8607 618 6879 748 3068 
4362 0 1115 6041 4618 3569 6536 2958 939 58 3456 8686 985 6447 5276 5427 2693 
1498 3048 0 6514 2588 912 5755 3752 4508 512 4560 3115 7482 1439 3863 551 5801 
1331 2944 6771 0 1252 5833 9729 2192 2243 9538 878 3228 5985 6154 5007 5031 7652 
8055 1545 6592 8967 0 7300 344 3475 4164 1256 2943 1647 2695 6806 8550 4848 8137 
1494 1619 9390 7327 7701 0 7934 5923 7239 8812 9151 9576 4966 4159 959 8970 2214 
8856 5563 7534 2509 2259 1009 0 6673 9868 3952 4672 2563 7111 3222 3764 1600 4717 
1735 7342 8396 9436 5276 4319 3027 0 440 9823 8956 5406 3982 9915 729 2548 8772 
2644 82 7633 1255 7444 4306 1123 7748 0 8979 39 1211 2201 155 9164 3270 1890 
6506 8019 7679 8135 8690 7058 8575 8513 6014 0 334 8847 5930 7415 7748 1054 59 
7830 8687 1314 1626 9345 8790 5727 8324 5181 3290 0 6878 5336 2454 6500 7226 8961 
871 1257 7096 9562 8316 2023 4427 4330 2357 9627 6612 0 9772 7375 7666 6183 1557 
2705 7498 9536 2051 2640 5263 6727 7821 8553 9957 3157 1008 0 2810 6735 6321 3681 
7993 9769 9595 2661 1792 375 6991 4150 2 9956 274 3729 3974 0 6458 5286 6680 
308 4822 5083 2948 6437 8162 7121 1343 4472 278 2351 7282 3365 5024 0 963 7710 
4793 6911 371 6585 7286 3715 7087 3640 3671 7362 7369 7645 3820 9007 4325 0 4128 
182 5760 3428 6619 275 549 7962 4747 7179 6665 2029 544 1689 9344 4607 2834 0 

