10 15
0 6960 7693 9744 9933 4909 4788 1978 7585 7451 3029 910 123 399 4568 
4324 0 5226 1186 3343 2385 9985 70 7208 3769 2477 8810 8242 9251 932 
4205 7433 0 6565 1166 5126 2662 7451 36 7450 5781 3973 1253 8810 1235 
1376 5562 5803 0 5701 788 3341 5396 9526 9679 5467 6734 3448 4296 1896 
1690 9900 9180 2248 0 7333 5746 9766 8812 8408 7217 5200 2210 2998 9173 
3463 1809 409 1192 3723 0 2564 3245 4511 2258 8641 4037 1937 460 7123 
5385 1109 9020 3427 1009 4552 0 5675 8342 298 5441 3506 5058 9010 8706 
7268 2009 7880 7084 170 4641 8276 0 3893 3557 7873 4756 5815 2866 8794 
7752 3327 2269 9489 4436 7641 2917 1797 0 2194 4944 139 2492 386 9998 
3903 5748 8704 7523 7757 2936 959 4279 3929 0 5587 8172 7487 3460 2929 
9654 6327 8075 7407 9654 6696 3248 442 4338 6165 0 2239 6532 7462 8730 
5376 7848 8728 5631 9948 3785 3155 7706 6721 4114 8337 0 7003 9702 6510 
842 9514 5791 496 5841 218 4255 1847 3266 7504 8641 7604 0 21 880 
488 7483 5963 2217 1683 1043 4200 1632 4828 7355 5690 7902 7822 0 4027 
1257 3876 6889 2099 3390 9032 2595 5584 5602 6851 7431 8869 707 6073 0 

0 2825 7080 3305 3314 4564 5620 1883 2599 6664 6083 4231 7844 9791 6273 
2098 0 3965 301 3355 7841 3542 5454 7583 2575 8050 3167 4529 1253 599 
3398 8312 0 3024 6224 5392 2681 5890 6308 8302 7773 8908 1318 208 9491 
9162 6351 5765 0 7613 316 2418 968 8157 2312 6423 5741 1239 825 8908 
5769 2078 5859 9167 0 6742 5235 1743 2134 4269 7633 8443 8923 1758 3703 
241 8319 3194 5755 4670 0 5311 3368 4987 7729 4337 9496 6394 7112 5237 
7633 7937 498 3402 6367 2709 0 8922 3109 4297 665 1595 8566 4651 38 
7489 2761 93 4082 1080 3288 6189 0 5751 8599 9558 7090 2681 247 6586 
9075 7359 8176 3060 5296 8674 6463 8015 0 7735 1737 1124 2032 2402 2719 
598 3405 9110 4439 6167 9203 4873 7247 8843 0 1063 9350 7443 621 6440 
6476 7220 9379 1903 931 7555 4963 2579 6229 7778 0 594 3964 9515 1718 
5997 8270 789 2947 1675 6251 3739 7842 5455 8612 1442 0 650 9675 7144 
8093 6648 3585 921 3868 2964 2824 4799 519 4140 7378 3100 0 1918 4324 
3416 7786 2394 5765 6056 3184 8713 4083 5787 8804 8278 7594 7416 0 9720 
8245 7092 6864 2690 92 6801 3612 313 6117 2788 5112 2988 6928 8843 0 

0 2440 5199 9519 5857 9337 1914 1622 1745 1450 6687 5828 7237 1843 4106 
4832 0 9260 178 3077 2704 3395 5767 2796 6548 5731 3109 2666 4872 4574 
2006 1800 0 9769 4447 3351 5640 6656 2688 7554 4630 785 9004 7670 6614 
2594 9513 7072 0 7426 8773 3603 6855 7829 6998 8974 6978 9898 1058 6439 
8916 5930 1013 923 0 4082 7134 1722 7434 2775 8378 6474 6681 3008 7260 
5686 678 226 8280 6544 0 7298 2058 1669 901 5265 9499 4251 4239 6477 
4150 1649 2916 9418 7579 282 0 341 1662 3768 8415 5448 2895 6793 1922 
9577 6154 5534 5263 3184 5760 9895 0 9728 9411 8305 1398 6664 3570 7249 
7268 4161 3726 7770 5811 2994 7188 3390 0 3276 3882 1404 3397 2297 6852 
6292 5443 5127 5869 1597 661 7484 1133 2774 0 3731 7214 8537 2036 4964 
1553 1958 2213 8821 2472 2291 6591 8283 5285 132 0 8025 4914 4014 5782 
8311 2663 2634 4603 8106 7761 473 6055 4775 7957 3541 0 3901 1689 755 
8790 77 5719 343 2036 4284 5517 4508 6575 8460 9143 1860 0 8592 3520 
6774 8958 9302 5085 1622 8289 6041 9728 2402 6514 2136 7177 823 0 5677 
7430 2512 2784 2572 2590 8503 2916 978 9139 8433 1838 5714 6893 981 0 

0 3926 1838 853 701 796 6508 2138 2418 4797 4531 8499 7199 1045 6987 
729 0 8221 2664 4511 733 5448 7084 9675 303 6352 7005 9442 1137 8843 
1508 4382 0 6176 5434 6220 3382 2487 7017 9890 978 5787 1039 5509 638 
4590 2907 7625 0 5319 1128 289 6183 1861 2089 3267 7889 8744 5971 4894 
4538 7108 90 6046 0 1490 2618 1481 7711 6000 3968 1080 5890 4946 3219 
6929 6808 3858 1520 9715 0 1483 3191 843 8125 9374 9056 6566 8993 6945 
5311 1316 8192 9849 8424 4634 0 5896 6267 7252 3729 330 3253 7697 1410 
5495 8996 981 2425 2156 4839 297 0 1871 2675 9840 2714 800 5567 1770 
7366 4560 5068 9029 2229 9612 8879 653 0 598 4775 6920 7850 8504 7250 
7455 2553 5012 2951 7901 5994 1728 57 7185 0 2025 8280 9860 8217 994 
7012 3784 9117 731 8345 537 9760 6926 6501 8639 0 7579 7099 9766 852 
1301 4622 4454 8757 3528 9467 8060 1429 1813 9788 7839 0 8998 8165 6119 
5211 6382 3466 2223 167 8935 2954 4864 9472 2715 1790 2325 0 7706 5721 
5776 7473 2925 7077 2095 7380 2186 5623 3199 246 3405 1364 6386 0 7596 
362 903 3715 1925 3638 3533 4149 157 2468 3455 1373 8292 6170 9515 0 

0 617 229 5236 6393 7702 4514 9823 6149 1894 2009 8125 1445 8608 7882 
2809 0 1346 5478 9523 2250 5545 1449 2240 9079 5598 2397 7899 5405 3770 
6192 1576 0 9637 3161 1805 1225 5907 5859 5739 2082 2008 7633 4091 6485 
5430 9051 4367 0 8239 398 9845 7763 9000 1743 9212 1240 822 1162 9989 
8721 6567 111 1265 0 4495 9748 4427 2652 973 6686 8511 6713 8768 6872 
698 9211 3357 2481 8263 0 4077 720 5013 3922 8483 4013 2017 4047 1605 
2839 5209 7946 7913 8129 8057 0 9178 2624 4157 9957 5277 5130 6643 140 
8195 5411 7012 5246 975 6722 7727 0 9238 799 4799 603 1073 9635 968 
3091 3682 2573 2282 5244 6871 195 3373 0 4928 5726 2349 9085 5683 7626 
567 8679 4119 5115 442 7483 6713 1417 4205 0 792 7007 1356 5591 7610 
8782 5226 8578 1873 5261 1151 507 505 8022 7055 0 3878 9302 2781 6227 
4739 4816 206 1659 3495 4325 6774 290 1808 9839 1707 0 2366 631 8715 
3722 2574 6325 8856 4153 4904 729 9414 2407 7589 6271 6782 0 4644 6501 
2436 3777 9080 7176 8593 9286 8835 2089 9963 1961 2379 8124 8152 0 438 
6842 8783 9153 6916 7709 1831 5773 1862 3087 2854 7628 5494 443 3899 0 

0 8628 1439 6752 1065 5216 5833 4593 3810 1471 9780 2251 1435 1741 982 
5911 0 9893 1420 9105 5028 6926 6021 9089 5109 1794 7304 8196 1001 1284 
42 1444 0 1536 8671 9236 8288 6088 4452 4121 681 8262 5593 6813 6865 
3380 4906 7847 0 9291 1151 5620 4748 2531 8898 769 1620 4007 8916 8924 
2203 9917 209 2245 0 7713 1745 7268 6949 33 9708 1402 507 6741 6016 
6100 3554 2882 5832 8460 0 7081 1475 9611 2701 6223 2142 1599 6992 115 
5606 2260 9039 4161 2177 5600 0 2759 6243 3697 27 3192 83 9736 946 
590 6477 3315 3042 6384 2549 8874 0 4844 9630 349 808 8684 6572 9302 
283 9916 9417 2242 2177 4809 2755 706 0 6761 5514 6949 459 5542 6494 
6894 1630 3792 7484 4459 7107 6878 843 6008 0 2104 2040 5639 2453 2848 
675 5377 8502 7310 1645 7920 9552 174 9081 2308 0 881 5842 4174 4182 
6301 6068 7028 9547 7698 821 3383 8510 4280 261 9353 0 289 2365 7745 
2280 1170 6945 2955 2899 5448 265 897 9720 6170 1071 8801 0 4830 8304 
4643 9004 2487 7297 5073 9515 6844 9123 6688 228 7633 969 6841 0 3339 
7610 9207 1084 6242 6729 8030 9197 5981 9830 5814 6878 9550 8336 7949 0 

0 8351 3166 2606 9346 8523 5093 6643 9948 960 9840 9071 7649 6420 3057 
4970 0 3261 6396 8932 8820 3832 5174 5550 8214 723 1531 8044 2889 4761 
7594 1226 0 9062 5945 744 1668 5292 5619 3113 8287 5567 4074 8127 991 
8075 4547 400 0 9397 4161 6796 8329 2981 6980 9855 4883 5195 578 6414 
3239 9819 7527 834 0 1045 6590 3131 1790 8258 8423 7409 1372 3063 9329 
1798 7542 320 6225 2090 0 720 5622 2603 3868 303 5584 7200 158 468 
2395 7088 3234 5635 6907 762 0 2821 4305 7352 5952 2447 1962 728 9856 
9686 3791 5537 7836 1333 2209 4061 0 9775 9281 6035 2378 3149 2690 7963 
6702 2848 4783 9097 6288 8017 1084 9548 0 8779 3905 3853 2483 9858 6300 
798 586 2508 6836 729 8046 4673 2062 255 0 5086 1838 9537 7474 568 
9038 164 4883 5740 3013 9666 1190 5653 7684 2274 0 5201 2815 6180 9054 
1651 2390 1706 2449 2976 4215 9285 57 2261 310 2119 0 8868 1749 309 
4757 9223 878 148 9387 2113 5888 8752 1780 3430 4406 9464 0 5705 5959 
2279 8237 1366 3930 627 3072 2731 9955 7287 8369 12 5900 5031 0 8483 
4769 6780 8793 9526 6003 6023 9674 1743 8136 1915 495 9916 5345 1253 0 

0 5732 7402 3565 4364 5639 4931 4646 2618 8003 7378 8925 1643 2099 8937 
7543 0 7130 7421 2312 263 2566 8191 6266 4941 4217 4361 3077 6132 4857 
9346 7830 0 2462 1430 1584 6027 5794 7224 958 6793 6194 5314 523 5120 
6957 2622 4057 0 4500 6104 7830 3165 6367 6748 1356 8986 1689 5573 3347 
1119 8058 8204 6817 0 2240 7019 4599 3824 3046 394 7400 357 3539 9947 
5671 4062 5067 2628 3036 0 5476 7128 9140 9659 293 5508 6407 8001 846 
4449 9927 4193 1920 4337 8750 0 8737 6577 5769 9688 6753 8815 82 506 
9172 9973 453 4843 4035 1872 7471 0 7071 7348 952 2564 3359 1245 4424 
9767 5599 5270 568 5526 9463 2488 9863 0 8213 7577 2792 3982 7265 5897 
9150 3700 6403 4674 25 3208 9518 4061 5080 0 3341 7484 8781 645 6400 
2140 8243 824 8259 3842 6094 5179 9368 1910 7667 0 5583 123 1596 4727 
458 5214 624 9608 5266 3380 4282 1643 6588 152 5704 0 8021 9846 9541 
6802 491 5941 5294 8734 3118 3554 2576 5564 8733 8296 7474 0 2753 231 
3950 701 4958 760 2267 5583 6720 3885 8963 7354 5529 1903 7507 0 7585 
9924 3705 7126 3078 4196 9420 8373 9283 8890 1927 8211 4454 7012 2860 0 

0 8281 9765 3091 8583 467 8050 9343 9086 9985 6063 2972 5300 3417 8501 
7203 0 7276 6086 3480 7333 9565 6558 7882 5337 4931 7165 4227 3210 1728 
5033 223 0 4588 9666 9988 7680 8249 6807 2082 7592 5894 8419 7 5218 
3719 9777 3719 0 7274 3405 6157 754 739 5722 7313 8621 7411 8596 2138 
1638 1807 3866 3024 0 2030 8455 2690 8370 2487 7292 5178 921 4884 7424 
9340 1244 2642 9411 1021 0 2713 6685 4426 8870 3792 5165 4593 7457 3786 
8356 6053 2276 6347 4212 6143 0 9371 6242 4598 8413 4613 3437 5705 6143 
4358 6942 3567 50 8186 2561 5813 0 9207 5274 8850 9985 4144 2642 5151 
5089 6451 5289 3446 8857 7566 9793 3069 0 61 5516 9312 1011 3929 277 
4448 5987 6420 5158 2929 6339 5208 7467 8900 0 7373 6674 4174 6223 3011 
8318 5218 4514 9760 1669 9804 3206 526 3722 9351 0 3596 3783 4867 9260 
4794 5148 9537 5594 1135 5957 752 416 2296 2312 7883 0 7548 9685 909 
1722 2260 3921 6392 7478 8435 6152 5500 4591 5710 6026 4665 0 5061 5974 
4800 6280 5234 5946 1429 4771 1540 8916 7080 8644 5685 9376 7308 0 9920 
3276 3345 830 4998 5606 1103 1391 9436 5890 7543 4936 482 3254 7315 0 

0 1499 4667 3289 6300 948 8524 8598 8729 9647 6491 7645 6728 5135 9682 
2456 0 8796 9603 5733 2141 433 731 4099 7888 8474 3536 3778 2370 4824 
612 1976 0 2139 2112 6643 5429 4764 3943 305 3362 2672 9952 9853 6670 
6680 1341 6352 0 5489 137 5955 1222 8630 2740 8305 2730 6980 6780 2618 
759 5502 7442 7723 0 7478 5934 9835 473 7715 951 4417 8020 4314 3441 
4324 519 111 7357 1860 0 2816 2846 8349 5123 420 6980 7864 8725 6062 
1196 1857 8680 1955 3711 2474 0 9679 1189 8408 5866 8015 2475 6818 8784 
495 7484 2225 4820 4355 2337 8529 0 2568 1505 1375 917 6628 1795 7897 
844 6872 3959 2041 8730 8991 3996 2441 0 1466 27 9983 6226 2246 7998 
8702 5416 3134 5549 2900 5359 6721 3607 4048 0 5250 6175 5553 2977 7093 
2182 4772 1342 3026 1645 1654 5067 6727 645 5416 0 5520 8463 1795 5503 
1042 393 9853 6096 5809 9339 7997 5061 4699 1071 8669 0 8747 6321 4844 
653 9299 8289 2835 423 9632 2213 8420 7638 3633 5147 4635 0 5401 7020 
3099 3548 8875 493 3942 5081 6589 9751 4420 938 4813 9119 2009 0 9834 
4219 8331 4678 4872 3982 2968 4059 757 8952 2624 9178 6590 2609 677 0 

