10 12
0 9767 2812 1272 7078 3940 9502 1623 421 12 1866 8639 
3833 0 3927 6785 1205 576 9770 8734 2695 646 3751 2796 
3778 4174 0 1149 5354 3020 6352 2467 8659 8452 2235 7823 
6076 5665 8115 0 5578 7288 8536 1942 5506 3528 5776 9434 
313 3333 6362 6435 0 8420 9057 7081 2171 8206 7211 6345 
5707 2566 5717 8411 1385 0 728 3215 9972 8551 9291 5637 
6667 1222 9277 1555 3164 4784 0 5083 5292 570 1748 4978 
6932 4535 3398 2341 1616 1921 6899 0 5180 4618 8958 7746 
336 7370 5483 1064 6937 5456 5968 6229 0 1093 2635 3803 
6723 4190 6967 7859 5626 8612 8429 7374 3590 0 1713 1910 
3340 406 9878 1613 7306 1410 6231 6264 9156 2919 0 9986 
992 336 6924 6448 6304 9505 3893 5291 3308 6968 9481 0 

0 6627 4827 1459 1591 9608 8834 5181 1321 7096 4873 8080 
3326 0 6486 1738 4737 9070 8002 245 8341 4341 1237 8677 
7617 4037 0 1333 7122 7931 6624 6782 1251 2458 3409 6079 
3917 1353 5687 0 9103 2886 3361 2551 7760 1441 2230 598 
3179 6967 6020 7533 0 3564 4362 8226 1154 3039 5843 5191 
725 2965 9474 7349 6099 0 726 6159 5861 3157 77 7214 
8844 5532 100 8557 8084 4212 0 6350 6666 4811 5881 3633 
831 9767 3549 5193 7993 4703 4585 0 3837 9895 1662 3154 
5721 5363 9254 2799 1523 5115 5956 7952 0 2329 1153 3484 
8781 9710 7920 2994 6061 4586 7805 8294 4571 0 4988 8061 
8121 6534 6055 9176 1119 9892 9071 2781 9398 1145 0 8144 
8652 3944 6019 119 6253 3971 8800 7406 3808 7582 7116 0 

0 8080 576 9529 9019 4733 7824 3590 6073 5885 8063 2607 
8292 0 7240 78 4536 2663 2859 3935 3808 7356 8939 4105 
3375 5411 0 358 3699 4211 4116 7507 1793 1232 5587 8721 
7114 958 9806 0 1290 4549 5880 3527 8964 4839 1820 6204 
4918 6356 8868 4129 0 6643 9028 1485 5583 9485 1213 994 
6195 4912 1557 311 8771 0 9703 7896 710 8424 5010 1669 
4583 6300 2570 6815 6179 1534 0 1654 7999 7739 6572 708 
2959 702 7351 8339 8539 2934 7825 0 9752 280 372 1016 
1838 684 6139 1541 8580 6850 6317 9942 0 4871 7252 2594 
7441 4067 8773 5327 2074 3125 9418 4998 3833 0 2377 5700 
1184 7069 592 471 1246 6696 7103 1618 7713 8941 0 8654 
204 6834 3586 3406 9504 3528 8277 6756 2474 2070 7176 0 

0 7600 3750 9250 725 3168 600 910 5546 6301 2094 8967 
3245 0 8917 213 9941 6021 1831 4006 1314 6838 4211 8149 
424 7617 0 4005 305 2247 7113 2779 669 4289 6731 4419 
9891 3808 7588 0 492 4718 9486 3145 6813 8453 6390 2082 
5018 2683 8103 3201 0 6690 9418 39 901 3919 464 4870 
7924 769 3469 1389 9900 0 4139 5679 2984 4910 1922 6792 
8850 8766 1511 8336 1911 4676 0 3141 4653 6758 8159 7337 
1214 1361 4027 632 1400 1280 903 0 8216 2502 5179 5337 
5972 6568 5238 6463 8599 4574 7725 522 0 1366 6576 5640 
9229 4912 7552 257 4406 8557 7016 8917 2246 0 8230 278 
2625 5214 8031 3905 6117 2599 2760 1296 7937 5084 0 4216 
9527 1547 2816 4101 5624 9690 5467 2200 5330 4697 3465 0 

0 9234 4954 7871 7792 8322 3140 38 2904 9771 2664 8118 
7802 0 2921 587 6753 2033 8235 4690 7117 2452 4217 5016 
5268 8318 0 641 4958 138 2841 288 1187 6306 5875 2493 
529 3667 7168 0 3670 57 72 3441 9073 4543 7595 8347 
1482 4348 380 9718 0 5391 3850 8522 9608 8866 3790 4279 
9507 5100 769 2349 1740 0 1956 5007 7615 801 1889 7634 
7969 5559 4044 4394 5352 9469 0 5289 2947 7816 6771 3647 
4549 2841 9038 8399 1363 4999 3617 0 1505 9278 3125 6605 
47 1826 8346 8355 3185 2313 5508 5074 0 9948 3478 6985 
344 4224 2337 9813 9513 1636 3982 2636 5284 0 4883 5478 
674 3282 3193 5673 6899 4699 1303 6376 1304 7702 0 8202 
6002 6057 7740 8316 1566 2814 4616 1396 9800 4960 5620 0 

0 8489 4773 1485 126 5107 4121 1762 9990 9599 2436 9624 
2793 0 4462 6524 7492 5765 9252 5148 3468 3807 1151 5877 
1547 5819 0 3795 4361 435 1543 513 5395 7163 5355 6520 
8648 1833 1628 0 9122 3595 1618 8721 2383 1243 7866 6845 
4119 1710 2611 3371 0 6859 2431 3530 4362 8308 5077 181 
8456 5791 616 9999 2656 0 2363 7163 8011 8883 2163 9844 
511 1285 9791 8482 6359 2175 0 9725 577 9020 3844 2288 
7983 3567 5499 6766 7098 9861 5075 0 2175 42 9883 4318 
7010 9882 6975 9373 3397 4986 4608 1913 0 1183 5120 9550 
974 3602 5909 3149 9679 6487 8522 3523 5127 0 2857 3442 
626 9624 540 487 1051 9068 6881 934 9738 3891 0 816 
6713 9616 566 8052 4224 2479 9235 5696 2029 6561 5650 0 

0 4291 9711 5329 7130 4585 5204 2257 7442 8647 2883 3418 
5539 0 3370 4469 959 6603 5403 698 6846 2572 7411 2814 
9490 1815 0 7038 1969 7402 9087 350 3964 4737 4641 27 
67 1771 4612 0 1623 4028 8406 6622 3263 1825 2162 2985 
6294 3121 9588 8050 0 171 6434 6974 3935 5600 6464 5750 
2639 8433 3153 1726 5135 0 3469 2815 6129 3496 9234 7900 
4460 858 8281 2866 7480 7896 0 1043 5994 882 3690 5468 
470 1740 5639 3257 8714 9574 8857 0 5178 1677 7848 9963 
4830 5926 1450 8299 8742 7579 8147 4328 0 1832 2607 5186 
113 1825 9019 8009 2869 5013 5243 2911 6833 0 2066 4651 
2473 5323 9717 8399 532 1247 76 4733 7562 1258 0 659 
9012 5909 5753 6592 4056 82 8424 3015 1620 4889 4841 0 

0 6991 9250 4062 8357 4494 6973 5190 6560 7976 7663 8235 
4045 0 2415 5119 5292 2491 9852 9206 102 6864 8218 2363 
2617 1162 0 6420 9051 5938 5787 7024 7179 6980 4015 2782 
1042 2372 3628 0 4367 3915 6540 2343 7930 1127 6388 345 
6246 8032 9189 6099 0 3590 5643 9315 8161 8006 1932 9323 
778 7336 1614 6566 4360 0 8793 3546 4727 7927 941 3452 
1555 5308 7367 8095 4004 5297 0 9222 6744 1995 5469 4777 
1184 7920 8367 3179 7235 6528 1185 0 5519 2204 1964 9207 
3818 8530 9919 8963 8428 4647 6891 9369 0 8099 4798 1030 
1818 2894 5034 3467 8468 1778 5462 3937 6555 0 2998 8209 
1275 6177 1796 4155 7363 3668 6359 5679 2875 6529 0 4209 
2795 1845 8989 3794 5088 8359 8245 9886 9389 6415 2780 0 

0 775 9882 7601 2553 1697 7890 5461 1047 6100 6736 3577 
4248 0 7243 7292 4268 9955 2971 3496 6484 3532 2643 4681 
2521 6437 0 9769 7232 1034 6008 2973 7449 5140 3748 3683 
2741 6302 5380 0 632 1763 2780 6732 4851 6357 7332 8446 
3649 1601 8401 6620 0 1449 1238 6504 4092 5919 9025 6881 
2041 2610 7915 8049 5583 0 1716 3189 9332 5399 5931 1986 
7132 6563 101 9912 9647 1304 0 2621 3331 9750 6270 1284 
8152 9242 2733 9390 5746 6825 1661 0 1123 58 54 3733 
7973 8103 5669 6041 7645 5001 1441 9928 0 3339 4925 6491 
3440 1189 2490 4744 3810 2173 4494 80 3458 0 8998 5674 
6191 8388 7772 9369 6402 8895 9427 6456 8981 3753 0 912 
4650 6146 8557 6003 7587 8485 5694 8864 1328 9134 53 0 

0 170 230 3863 2343 1076 295 5801 75 2321 8345 4815 
93 0 4066 1217 5341 9845 4026 674 9950 4938 1676 6097 
3495 4031 0 3684 8332 9725 8901 6012 5211 8954 6182 5441 
9170 8525 6517 0 9465 679 6592 1787 9024 1408 8232 9442 
8977 3573 9287 3003 0 4247 9238 7941 5923 5335 7788 6306 
5371 2472 6031 4272 8484 0 1242 3227 4666 3035 8749 9544 
9553 8214 223 2497 6353 5599 0 257 4586 1393 5587 4511 
680 8590 5111 9918 2884 1034 1605 0 7024 7341 6977 9497 
9724 7601 7981 967 7180 9000 354 5929 0 8544 9907 4144 
5119 8757 6849 7070 5366 1435 8463 953 2299 0 9143 5896 
7410 5414 8780 8444 7019 2156 2137 348 1653 8214 0 7950 
5987 5533 5130 4987 5887 1060 9883 2147 1556 1354 904 0 

